#UP-iteration: 6
#current,H-field,magnetisation
-10.0000,+37.0440,-00.1235
-09.9000,+36.9750,-00.1236
-09.8000,+36.9040,-00.1236
-09.7000,+36.8450,-00.1235
-09.6000,+36.7660,-00.1236
-09.5000,+36.6910,-00.1236
-09.4000,+36.6120,-00.1237
-09.3000,+36.5160,-00.1239
-09.2000,+36.4370,-00.1239
-09.1000,+36.3650,-00.1239
-09.0000,+36.2860,-00.1236
-08.9000,+36.1910,-00.1237
-08.8000,+36.1150,-00.1234
-08.7000,+36.0170,-00.1237
-08.6000,+35.9150,-00.1236
-08.5000,+35.8170,-00.1236
-08.4000,+35.7250,-00.1236
-08.3000,+35.6430,-00.1238
-08.2000,+35.5360,-00.1239
-08.1000,+35.4420,-00.1239
-08.0000,+35.3190,-00.1238
-07.9000,+35.2150,-00.1236
-07.8000,+35.1150,-00.1239
-07.7000,+35.0020,-00.1238
-07.6000,+34.9000,-00.1239
-07.5000,+34.7570,-00.1236
-07.4000,+34.6260,-00.1239
-07.3000,+34.5110,-00.1239
-07.2000,+34.3830,-00.1239
-07.1000,+34.2630,-00.1239
-07.0000,+34.1210,-00.1239
-06.9000,+33.9800,-00.1239
-06.8000,+33.8080,-00.1239
-06.7000,+33.6590,-00.1239
-06.6000,+33.5000,-00.1239
-06.5000,+33.3460,-00.1242
-06.4000,+33.1810,-00.1241
-06.3000,+32.9780,-00.1239
-06.2000,+32.7860,-00.1237
-06.1000,+32.5910,-00.1239
-06.0000,+32.3860,-00.1239
-05.9000,+32.1760,-00.1241
-05.8000,+31.9330,-00.1241
-05.7000,+31.6890,-00.1244
-05.6000,+31.4220,-00.1242
-05.5000,+31.1500,-00.1240
-05.4000,+30.8680,-00.1242
-05.3000,+30.5630,-00.1241
-05.2000,+30.2580,-00.1240
-05.1000,+29.9110,-00.1242
-05.0000,+29.5500,-00.1241
-04.9000,+29.1670,-00.1240
-04.8000,+28.7640,-00.1240
-04.7000,+28.3590,-00.1241
-04.6000,+27.9160,-00.1241
-04.5000,+27.4740,-00.1238
-04.4000,+26.9800,-00.1239
-04.3000,+26.4810,-00.1239
-04.2000,+25.9470,-00.1242
-04.1000,+25.4050,-00.1241
-04.0000,+24.8530,-00.1243
-03.9000,+24.2960,-00.1242
-03.8000,+23.7280,-00.1239
-03.7000,+23.1240,-00.1242
-03.6000,+22.5150,-00.1245
-03.5000,+21.9000,-00.1242
-03.4000,+21.2940,-00.1241
-03.3000,+20.6890,-00.1243
-03.2000,+20.0770,-00.1243
-03.1000,+19.4830,-00.1245
-03.0000,+18.8690,-00.1245
-02.9000,+18.2730,-00.1243
-02.8000,+17.6600,-00.1242
-02.7000,+17.0610,-00.1245
-02.6000,+16.4430,-00.1243
-02.5000,+15.8270,-00.1244
-02.4000,+15.2140,-00.1245
-02.3000,+14.6100,-00.1244
-02.2000,+14.0170,-00.1245
-02.1000,+13.3990,-00.1243
-02.0000,+12.7960,-00.1245
-01.9000,+12.1710,-00.1245
-01.8000,+11.5600,-00.1244
-01.7000,+10.9620,-00.1246
-01.6000,+10.3450,-00.1246
-01.5000,+09.7620,-00.1245
-01.4000,+09.1380,-00.1246
-01.3000,+08.5230,-00.1247
-01.2000,+07.9080,-00.1244
-01.1000,+07.2960,-00.1246
-01.0000,+06.6960,-00.1245
-00.9000,+06.0840,-00.1245
-00.8000,+05.4810,-00.1243
-00.7000,+04.8650,-00.1247
-00.6000,+04.2510,-00.1248
-00.5000,+03.6310,-00.1245
-00.4000,+03.0400,-00.1246
-00.3000,+02.4410,-00.1247
-00.2000,+01.8260,-00.1247
-00.1000,+01.2110,-00.1248
+00.0000,+00.5960,-00.1247
+00.1000,-00.0240,-00.1245
+00.2000,-00.6090,-00.1244
+00.3000,-01.2230,-00.1248
+00.4000,-01.8500,-00.1248
+00.5000,-02.4670,-00.1245
+00.6000,-03.0760,-00.1245
+00.7000,-03.6610,-00.1248
+00.8000,-04.2780,-00.1245
+00.9000,-04.9030,-00.1248
+01.0000,-05.5140,-00.1250
+01.1000,-06.1230,-00.1248
+01.2000,-06.7290,-00.1250
+01.3000,-07.3320,-00.1249
+01.4000,-07.9260,-00.1249
+01.5000,-08.5480,-00.1251
+01.6000,-09.1710,-00.1252
+01.7000,-09.7790,-00.1251
+01.8000,-10.3880,-00.1251
+01.9000,-11.0000,-00.1246
+02.0000,-11.6010,-00.1248
+02.1000,-12.2040,-00.1251
+02.2000,-12.8210,-00.1249
+02.3000,-13.4420,-00.1250
+02.4000,-14.0530,-00.1248
+02.5000,-14.6520,-00.1249
+02.6000,-15.2510,-00.1240
+02.7000,-15.8670,-00.1223
+02.8000,-16.4810,-00.1180
+02.9000,-17.0940,-00.1094
+03.0000,-17.7080,-00.1051
+03.1000,-18.3150,-00.1048
+03.2000,-18.9140,-00.1047
+03.3000,-19.5150,-00.1050
+03.4000,-20.1340,-00.1046
+03.5000,-20.7360,-00.1044
+03.6000,-21.3400,-00.1047
+03.7000,-21.9450,-00.1046
+03.8000,-22.5110,-00.1049
+03.9000,-23.1100,-00.1046
+04.0000,-23.6930,-00.1047
+04.1000,-24.2650,-00.1047
+04.2000,-24.8190,-00.1049
+04.3000,-25.3310,-00.1049
+04.4000,-25.8340,-00.1048
+04.5000,-26.3250,-00.1047
+04.6000,-26.7940,-00.1045
+04.7000,-27.2450,-00.1046
+04.8000,-27.6360,-00.1051
+04.9000,-28.0450,-00.1049
+05.0000,-28.4110,-00.1050
+05.1000,-28.7730,-00.1050
+05.2000,-29.1160,-00.1048
+05.3000,-29.4240,-00.1050
+05.4000,-29.7240,-00.1050
+05.5000,-30.0050,-00.1049
+05.6000,-30.2850,-00.1050
+05.7000,-30.5430,-00.1053
+05.8000,-30.7920,-00.1050
+05.9000,-31.0260,-00.1049
+06.0000,-31.2390,-00.1050
+06.1000,-31.4640,-00.1050
+06.2000,-31.6830,-00.1051
+06.3000,-31.8850,-00.1049
+06.4000,-32.0750,-00.1050
+06.5000,-32.2390,-00.1049
+06.6000,-32.4200,-00.1053
+06.7000,-32.6030,-00.1050
+06.8000,-32.7640,-00.1049
+06.9000,-32.9090,-00.1050
+07.0000,-33.0490,-00.1048
+07.1000,-33.2040,-00.1048
+07.2000,-33.3620,-00.1048
+07.3000,-33.4840,-00.1044
+07.4000,-33.6140,-00.1050
+07.5000,-33.7420,-00.1051
+07.6000,-33.8720,-00.1049
+07.7000,-33.9970,-00.1048
+07.8000,-34.1130,-00.1056
+07.9000,-34.2180,-00.1056
+08.0000,-34.3370,-00.1052
+08.1000,-34.4510,-00.1050
+08.2000,-34.5600,-00.1052
+08.3000,-34.6610,-00.1050
+08.4000,-34.7600,-00.1052
+08.5000,-34.8670,-00.1049
+08.6000,-34.9700,-00.1050
+08.7000,-35.0660,-00.1053
+08.8000,-35.1600,-00.1050
+08.9000,-35.2480,-00.1052
+09.0000,-35.3410,-00.1050
+09.1000,-35.4300,-00.1051
+09.2000,-35.5300,-00.1049
+09.3000,-35.6020,-00.1053
+09.4000,-35.7040,-00.1053
+09.5000,-35.7780,-00.1050
+09.6000,-35.8700,-00.1047
+09.7000,-35.9560,-00.1053
+09.8000,-36.0250,-00.1052
+09.9000,-36.1000,-00.1050
+10.0000,-36.1740,-00.1051

#Down-iteration: 6
#current,H-field,magnetisation
+10.0000,-36.1720,-00.1049
+09.9000,-36.1140,-00.1053
+09.8000,-36.0470,-00.1052
+09.7000,-35.9820,-00.1053
+09.6000,-35.9030,-00.1053
+09.5000,-35.8230,-00.1054
+09.4000,-35.7530,-00.1050
+09.3000,-35.6760,-00.1052
+09.2000,-35.5870,-00.1052
+09.1000,-35.5130,-00.1050
+09.0000,-35.4460,-00.1050
+08.9000,-35.3460,-00.1051
+08.8000,-35.2660,-00.1051
+08.7000,-35.1870,-00.1054
+08.6000,-35.0930,-00.1055
+08.5000,-35.0120,-00.1055
+08.4000,-34.9180,-00.1054
+08.3000,-34.8210,-00.1055
+08.2000,-34.7230,-00.1055
+08.1000,-34.6210,-00.1055
+08.0000,-34.5180,-00.1055
+07.9000,-34.4180,-00.1053
+07.8000,-34.3110,-00.1055
+07.7000,-34.1900,-00.1053
+07.6000,-34.0720,-00.1050
+07.5000,-33.9760,-00.1050
+07.4000,-33.8510,-00.1053
+07.3000,-33.7290,-00.1053
+07.2000,-33.6020,-00.1056
+07.1000,-33.4670,-00.1055
+07.0000,-33.3500,-00.1055
+06.9000,-33.2030,-00.1056
+06.8000,-33.0640,-00.1056
+06.7000,-32.9240,-00.1057
+06.6000,-32.7660,-00.1060
+06.5000,-32.6190,-00.1056
+06.4000,-32.4470,-00.1054
+06.3000,-32.2760,-00.1049
+06.2000,-32.0930,-00.1055
+06.1000,-31.9030,-00.1054
+06.0000,-31.7180,-00.1056
+05.9000,-31.5030,-00.1052
+05.8000,-31.2940,-00.1052
+05.7000,-31.0700,-00.1054
+05.6000,-30.8150,-00.1053
+05.5000,-30.5690,-00.1050
+05.4000,-30.3040,-00.1053
+05.3000,-30.0150,-00.1052
+05.2000,-29.7270,-00.1051
+05.1000,-29.4000,-00.1054
+05.0000,-29.0570,-00.1052
+04.9000,-28.7170,-00.1053
+04.8000,-28.3550,-00.1055
+04.7000,-27.9460,-00.1057
+04.6000,-27.5360,-00.1053
+04.5000,-27.1030,-00.1055
+04.4000,-26.6410,-00.1053
+04.3000,-26.1890,-00.1055
+04.2000,-25.6890,-00.1055
+04.1000,-25.1560,-00.1056
+04.0000,-24.6410,-00.1056
+03.9000,-24.0800,-00.1055
+03.8000,-23.5120,-00.1051
+03.7000,-22.9440,-00.1053
+03.6000,-22.3440,-00.1050
+03.5000,-21.7550,-00.1053
+03.4000,-21.1380,-00.1053
+03.3000,-20.5430,-00.1052
+03.2000,-19.9320,-00.1052
+03.1000,-19.3260,-00.1054
+03.0000,-18.7240,-00.1054
+02.9000,-18.1010,-00.1054
+02.8000,-17.5040,-00.1052
+02.7000,-16.8850,-00.1053
+02.6000,-16.2820,-00.1051
+02.5000,-15.6800,-00.1052
+02.4000,-15.0680,-00.1051
+02.3000,-14.4640,-00.1050
+02.2000,-13.8470,-00.1052
+02.1000,-13.2410,-00.1052
+02.0000,-12.6320,-00.1052
+01.9000,-12.0290,-00.1052
+01.8000,-11.4140,-00.1053
+01.7000,-10.8020,-00.1051
+01.6000,-10.1910,-00.1051
+01.5000,-09.5810,-00.1051
+01.4000,-08.9840,-00.1055
+01.3000,-08.3700,-00.1050
+01.2000,-07.7470,-00.1055
+01.1000,-07.1450,-00.1054
+01.0000,-06.5330,-00.1055
+00.9000,-05.9330,-00.1055
+00.8000,-05.3180,-00.1059
+00.7000,-04.7080,-00.1057
+00.6000,-04.1050,-00.1056
+00.5000,-03.4880,-00.1056
+00.4000,-02.8770,-00.1057
+00.3000,-02.2710,-00.1056
+00.2000,-01.6620,-00.1057
+00.1000,-01.0520,-00.1056
+00.0000,-00.4340,-00.1054
-00.1000,+00.1630,-00.1056
-00.2000,+00.7790,-00.1056
-00.3000,+01.3910,-00.1059
-00.4000,+02.0090,-00.1063
-00.5000,+02.6030,-00.1061
-00.6000,+03.2320,-00.1058
-00.7000,+03.8330,-00.1056
-00.8000,+04.4440,-00.1054
-00.9000,+05.0520,-00.1056
-01.0000,+05.6460,-00.1054
-01.1000,+06.2710,-00.1056
-01.2000,+06.8860,-00.1059
-01.3000,+07.4940,-00.1059
-01.4000,+08.1020,-00.1058
-01.5000,+08.7170,-00.1056
-01.6000,+09.3260,-00.1055
-01.7000,+09.9400,-00.1055
-01.8000,+10.5550,-00.1059
-01.9000,+11.1460,-00.1059
-02.0000,+11.7660,-00.1059
-02.1000,+12.3600,-00.1056
-02.2000,+12.9880,-00.1059
-02.3000,+13.6000,-00.1061
-02.4000,+14.1960,-00.1061
-02.5000,+14.8060,-00.1060
-02.6000,+15.4060,-00.1061
-02.7000,+16.0500,-00.1063
-02.8000,+16.6370,-00.1068
-02.9000,+17.2450,-00.1090
-03.0000,+17.8600,-00.1161
-03.1000,+18.4560,-00.1244
-03.2000,+19.0800,-00.1257
-03.3000,+19.6830,-00.1261
-03.4000,+20.2930,-00.1260
-03.5000,+20.9130,-00.1263
-03.6000,+21.5150,-00.1264
-03.7000,+22.1110,-00.1267
-03.8000,+22.6980,-00.1266
-03.9000,+23.3060,-00.1266
-04.0000,+23.8870,-00.1266
-04.1000,+24.4670,-00.1268
-04.2000,+25.0310,-00.1267
-04.3000,+25.5820,-00.1269
-04.4000,+26.1240,-00.1265
-04.5000,+26.6410,-00.1266
-04.6000,+27.1280,-00.1267
-04.7000,+27.5990,-00.1267
-04.8000,+28.0310,-00.1266
-04.9000,+28.4600,-00.1266
-05.0000,+28.8650,-00.1267
-05.1000,+29.2400,-00.1269
-05.2000,+29.5970,-00.1269
-05.3000,+29.9370,-00.1270
-05.4000,+30.2630,-00.1267
-05.5000,+30.5720,-00.1269
-05.6000,+30.8550,-00.1266
-05.7000,+31.1310,-00.1268
-05.8000,+31.3980,-00.1267
-05.9000,+31.6390,-00.1268
-06.0000,+31.8950,-00.1269
-06.1000,+32.1010,-00.1268
-06.2000,+32.3280,-00.1268
-06.3000,+32.5480,-00.1269
-06.4000,+32.7440,-00.1268
-06.5000,+32.9500,-00.1268
-06.6000,+33.1240,-00.1269
-06.7000,+33.3030,-00.1269
-06.8000,+33.4760,-00.1269
-06.9000,+33.6310,-00.1269
-07.0000,+33.8040,-00.1267
-07.1000,+33.9440,-00.1269
-07.2000,+34.0860,-00.1272
-07.3000,+34.2430,-00.1271
-07.4000,+34.3780,-00.1272
-07.5000,+34.5050,-00.1269
-07.6000,+34.6330,-00.1270
-07.7000,+34.7600,-00.1272
-07.8000,+34.8930,-00.1272
-07.9000,+35.0050,-00.1272
-08.0000,+35.1190,-00.1273
-08.1000,+35.2420,-00.1270
-08.2000,+35.3490,-00.1270
-08.3000,+35.4540,-00.1271
-08.4000,+35.5600,-00.1273
-08.5000,+35.6690,-00.1270
-08.6000,+35.7530,-00.1271
-08.7000,+35.8640,-00.1272
-08.8000,+35.9680,-00.1273
-08.9000,+36.0670,-00.1270
-09.0000,+36.1680,-00.1270
-09.1000,+36.2460,-00.1271
-09.2000,+36.3350,-00.1272
-09.3000,+36.4280,-00.1271
-09.4000,+36.5150,-00.1269
-09.5000,+36.6140,-00.1272
-09.6000,+36.6810,-00.1268
-09.7000,+36.7670,-00.1270
-09.8000,+36.8520,-00.1268
-09.9000,+36.9280,-00.1272
-10.0000,+37.0180,-00.1273
