Egy	FR0.25T	FR0.5T	FR0.75T	FR1T	FR1.2T	FR1.4T	
2.3473	-0.049987	-0.11154	-0.16685	-0.21856	-0.26314	-0.3085
2.346	-0.049985	-0.11048	-0.16397	-0.2148	-0.26147	-0.30733
2.3448	-0.050577	-0.10709	-0.16336	-0.21744	-0.26295	-0.30511
2.3436	-0.048075	-0.10994	-0.16139	-0.21744	-0.25966	-0.30397
2.3423	-0.047796	-0.10839	-0.16567	-0.21509	-0.26119	-0.30548
2.3411	-0.047971	-0.10636	-0.16324	-0.21371	-0.25892	-0.30259
2.3399	-0.047147	-0.10928	-0.16052	-0.21416	-0.25899	-0.30639
2.3386	-0.047603	-0.10507	-0.16191	-0.21277	-0.25831	-0.30284
2.3374	-0.048121	-0.10816	-0.16224	-0.21322	-0.25672	-0.30222
2.3362	-0.046652	-0.10446	-0.1615	-0.21379	-0.25542	-0.30156
2.335	-0.04336	-0.10649	-0.16365	-0.2134	-0.25414	-0.29953
2.3337	-0.048505	-0.10623	-0.16168	-0.2121	-0.25627	-0.29895
2.3325	-0.046344	-0.10592	-0.16401	-0.21261	-0.25611	-0.3009
2.3313	-0.048469	-0.10789	-0.16217	-0.21281	-0.25596	-0.3023
2.3301	-0.047016	-0.10715	-0.16148	-0.21138	-0.25703	-0.30025
2.3288	-0.048045	-0.10667	-0.1629	-0.21073	-0.25785	-0.30055
2.3276	-0.04688	-0.10762	-0.16065	-0.21326	-0.25654	-0.30047
2.3264	-0.048458	-0.10695	-0.1608	-0.21308	-0.25435	-0.30085
2.3252	-0.050467	-0.10833	-0.15965	-0.21401	-0.25669	-0.30037
2.324	-0.04884	-0.10836	-0.16099	-0.2123	-0.25484	-0.30026
2.3228	-0.047386	-0.1072	-0.15926	-0.21029	-0.25502	-0.2993
2.3215	-0.04848	-0.10777	-0.16064	-0.21103	-0.2547	-0.29685
2.3203	-0.047217	-0.1073	-0.16219	-0.2119	-0.25502	-0.29765
2.3191	-0.046923	-0.10687	-0.16085	-0.21078	-0.25281	-0.29791
2.3179	-0.045787	-0.10698	-0.1613	-0.21031	-0.25254	-0.29679
2.3167	-0.046411	-0.10578	-0.15968	-0.20961	-0.2517	-0.29644
2.3155	-0.047842	-0.10655	-0.16181	-0.20898	-0.25188	-0.29735
2.3143	-0.045046	-0.10511	-0.16126	-0.20849	-0.25192	-0.29444
2.3131	-0.047518	-0.10819	-0.1588	-0.20774	-0.25088	-0.29398
2.3119	-0.048446	-0.1053	-0.15944	-0.20992	-0.25448	-0.29673
2.3107	-0.04507	-0.10498	-0.15812	-0.20604	-0.25089	-0.29425
2.3095	-0.048069	-0.10603	-0.16014	-0.21046	-0.25057	-0.29561
2.3083	-0.044362	-0.10753	-0.15876	-0.20923	-0.25089	-0.29416
2.3071	-0.047553	-0.10338	-0.15967	-0.20779	-0.25062	-0.29686
2.3059	-0.045537	-0.10715	-0.15669	-0.21013	-0.25048	-0.29443
2.3047	-0.047957	-0.10391	-0.15954	-0.20707	-0.25112	-0.29373
2.3035	-0.046112	-0.10501	-0.15723	-0.20766	-0.25021	-0.29296
2.3023	-0.04497	-0.10493	-0.15831	-0.20946	-0.24951	-0.29257
2.3011	-0.046228	-0.10529	-0.15732	-0.20919	-0.24714	-0.29238
2.2999	-0.045639	-0.10662	-0.15817	-0.20821	-0.25135	-0.29274
2.2987	-0.045813	-0.10313	-0.15714	-0.20789	-0.24885	-0.29088
2.2975	-0.047622	-0.105	-0.15676	-0.20802	-0.25	-0.29215
2.2964	-0.044878	-0.10457	-0.15778	-0.20988	-0.24765	-0.29118
2.2952	-0.044954	-0.10353	-0.15512	-0.20615	-0.24717	-0.2888
2.294	-0.045328	-0.10554	-0.15595	-0.20777	-0.24578	-0.2895
2.2928	-0.04446	-0.10355	-0.15474	-0.20481	-0.24639	-0.2896
2.2916	-0.047424	-0.10518	-0.15541	-0.2065	-0.24637	-0.29035
2.2904	-0.045049	-0.10307	-0.1549	-0.20328	-0.24589	-0.2888
2.2893	-0.043001	-0.1029	-0.15647	-0.20196	-0.24572	-0.2884
2.2881	-0.045604	-0.10354	-0.15531	-0.20544	-0.24615	-0.28805
2.2869	-0.044744	-0.10291	-0.15319	-0.20525	-0.24598	-0.28863
2.2857	-0.047726	-0.10543	-0.15687	-0.20683	-0.24587	-0.29027
2.2846	-0.043742	-0.1055	-0.15623	-0.20447	-0.24663	-0.28711
2.2834	-0.047685	-0.1035	-0.15684	-0.20479	-0.24507	-0.28784
2.2822	-0.045668	-0.10465	-0.15436	-0.2049	-0.24435	-0.28887
2.2811	-0.045756	-0.10402	-0.15446	-0.20381	-0.24264	-0.28771
2.2799	-0.047153	-0.10582	-0.15547	-0.20197	-0.24366	-0.28638
2.2787	-0.046774	-0.1051	-0.15425	-0.206	-0.24546	-0.28776
2.2776	-0.044365	-0.10472	-0.15532	-0.20499	-0.24353	-0.28835
2.2764	-0.04804	-0.10356	-0.15503	-0.20502	-0.24214	-0.28599
2.2752	-0.045376	-0.10444	-0.1553	-0.20347	-0.24385	-0.28662
2.2741	-0.046459	-0.10288	-0.15642	-0.20309	-0.24149	-0.28669
2.2729	-0.047831	-0.10405	-0.1542	-0.20306	-0.24395	-0.28379
2.2717	-0.045395	-0.10513	-0.15366	-0.20372	-0.23927	-0.28462
2.2706	-0.045104	-0.10233	-0.15618	-0.2031	-0.24326	-0.28424
2.2694	-0.047184	-0.10287	-0.15245	-0.2031	-0.24261	-0.28502
2.2683	-0.045195	-0.1029	-0.1534	-0.20236	-0.24186	-0.28474
2.2671	-0.047513	-0.1018	-0.15401	-0.20273	-0.2438	-0.2842
2.266	-0.043338	-0.10153	-0.15315	-0.20367	-0.23994	-0.28311
2.2648	-0.046292	-0.10506	-0.1538	-0.20253	-0.24139	-0.28221
2.2636	-0.046717	-0.10224	-0.15437	-0.20496	-0.24104	-0.28243
2.2625	-0.045403	-0.10327	-0.15228	-0.20113	-0.24113	-0.28566
2.2613	-0.046975	-0.10112	-0.15259	-0.2006	-0.23918	-0.27989
2.2602	-0.045638	-0.10106	-0.15126	-0.2	-0.24035	-0.28206
2.2591	-0.044108	-0.10017	-0.15017	-0.19995	-0.23864	-0.27936
2.2579	-0.044019	-0.10172	-0.14982	-0.19988	-0.23825	-0.28218
2.2568	-0.043055	-0.099591	-0.15414	-0.20015	-0.2359	-0.28116
2.2556	-0.04601	-0.099784	-0.15151	-0.19956	-0.23729	-0.28233
2.2545	-0.045561	-0.1012	-0.15236	-0.20066	-0.23893	-0.28108
2.2533	-0.043019	-0.099552	-0.14958	-0.19844	-0.23607	-0.27853
2.2522	-0.044318	-0.098854	-0.15085	-0.19996	-0.23691	-0.27573
2.2511	-0.042602	-0.10039	-0.15151	-0.2002	-0.23656	-0.27789
2.2499	-0.043669	-0.098902	-0.15171	-0.20024	-0.23654	-0.27935
2.2488	-0.046926	-0.10176	-0.15003	-0.20017	-0.24001	-0.27882
2.2476	-0.042123	-0.10243	-0.15188	-0.19953	-0.23693	-0.2779
2.2465	-0.044491	-0.099187	-0.14896	-0.19871	-0.23601	-0.27591
2.2454	-0.041778	-0.098701	-0.15026	-0.19811	-0.23652	-0.27823
2.2442	-0.042804	-0.10012	-0.14999	-0.19649	-0.23548	-0.27589
2.2431	-0.04431	-0.099683	-0.15016	-0.19716	-0.23386	-0.27774
2.242	-0.04333	-0.10094	-0.14855	-0.19715	-0.23889	-0.2769
2.2409	-0.045247	-0.10012	-0.14809	-0.19845	-0.2362	-0.27782
2.2397	-0.044033	-0.097466	-0.14793	-0.19396	-0.2372	-0.27718
2.2386	-0.043554	-0.09845	-0.15011	-0.19537	-0.23565	-0.27422
2.2375	-0.041032	-0.098138	-0.14487	-0.19507	-0.23308	-0.27388
2.2364	-0.042134	-0.097739	-0.14738	-0.19861	-0.23637	-0.2755
2.2352	-0.0415	-0.099709	-0.14825	-0.19538	-0.23303	-0.27369
2.2341	-0.043421	-0.098519	-0.14685	-0.19439	-0.23265	-0.27389
2.233	-0.041786	-0.094648	-0.14795	-0.19308	-0.23383	-0.27403
2.2319	-0.042619	-0.096123	-0.14674	-0.19144	-0.23349	-0.27328
2.2308	-0.042195	-0.099137	-0.14757	-0.19429	-0.2322	-0.27327
2.2296	-0.041152	-0.095731	-0.14478	-0.19434	-0.23308	-0.27223
2.2285	-0.042115	-0.09798	-0.1469	-0.19265	-0.23221	-0.27262
2.2274	-0.044198	-0.096988	-0.14821	-0.19474	-0.23344	-0.2719
2.2263	-0.04154	-0.095802	-0.14831	-0.19411	-0.23342	-0.2734
2.2252	-0.041906	-0.097308	-0.14647	-0.19429	-0.23218	-0.27308
2.2241	-0.040699	-0.095937	-0.14804	-0.19341	-0.23405	-0.2725
2.223	-0.041204	-0.095769	-0.14551	-0.19503	-0.23231	-0.26987
2.2218	-0.042341	-0.097955	-0.14716	-0.19315	-0.2323	-0.27053
2.2207	-0.041521	-0.097064	-0.14787	-0.19465	-0.23231	-0.27169
2.2196	-0.043886	-0.094943	-0.14474	-0.1916	-0.23225	-0.26978
2.2185	-0.043974	-0.096383	-0.14762	-0.19328	-0.23326	-0.27188
2.2174	-0.042203	-0.094693	-0.14678	-0.19323	-0.23037	-0.26608
2.2163	-0.040814	-0.094764	-0.14611	-0.19149	-0.23118	-0.27148
2.2152	-0.041397	-0.095219	-0.14674	-0.19167	-0.23187	-0.26908
2.2141	-0.039798	-0.094334	-0.14457	-0.18981	-0.23033	-0.26694
2.213	-0.042509	-0.095579	-0.14594	-0.19159	-0.22995	-0.2683
2.2119	-0.041173	-0.095399	-0.14434	-0.19071	-0.23152	-0.26907
2.2108	-0.041471	-0.098245	-0.14814	-0.19296	-0.23139	-0.26971
2.2097	-0.041379	-0.095476	-0.14466	-0.19379	-0.22997	-0.26696
2.2086	-0.043185	-0.094826	-0.14606	-0.18894	-0.2279	-0.26726
2.2075	-0.043367	-0.095199	-0.14574	-0.18954	-0.22861	-0.26638
2.2064	-0.0412	-0.097269	-0.14258	-0.1919	-0.22863	-0.26848
2.2054	-0.04025	-0.094505	-0.14286	-0.19089	-0.22904	-0.26745
2.2043	-0.041944	-0.095883	-0.14391	-0.19106	-0.22762	-0.26549
2.2032	-0.042747	-0.097062	-0.14394	-0.19114	-0.23155	-0.26862
2.2021	-0.039201	-0.095375	-0.14472	-0.18865	-0.22824	-0.26586
2.201	-0.044141	-0.095374	-0.14224	-0.18973	-0.22805	-0.2659
2.1999	-0.040542	-0.096613	-0.14293	-0.18958	-0.23054	-0.26736
2.1988	-0.040327	-0.09396	-0.14332	-0.18932	-0.22648	-0.26581
2.1977	-0.043093	-0.096182	-0.14236	-0.18942	-0.22591	-0.26327
2.1967	-0.042824	-0.095245	-0.14453	-0.18919	-0.22489	-0.26513
2.1956	-0.04187	-0.096023	-0.1412	-0.18696	-0.22816	-0.26411
2.1945	-0.044238	-0.098069	-0.14452	-0.18862	-0.22822	-0.26699
2.1934	-0.041219	-0.093741	-0.14458	-0.18995	-0.22662	-0.26431
2.1923	-0.040514	-0.096405	-0.14058	-0.18929	-0.2254	-0.26567
2.1913	-0.041507	-0.095584	-0.14297	-0.18727	-0.22525	-0.2637
2.1902	-0.04023	-0.09407	-0.13988	-0.18655	-0.2275	-0.26366
2.1891	-0.042738	-0.094317	-0.14355	-0.18787	-0.22721	-0.26488
2.188	-0.03926	-0.094165	-0.14218	-0.18788	-0.22839	-0.26465
2.187	-0.040819	-0.095634	-0.14086	-0.18835	-0.22511	-0.26464
2.1859	-0.043069	-0.096974	-0.14307	-0.18938	-0.22694	-0.26157
2.1848	-0.042601	-0.094047	-0.14133	-0.18785	-0.22676	-0.26286
2.1837	-0.040749	-0.093172	-0.13966	-0.18743	-0.22243	-0.26077
2.1827	-0.041806	-0.093664	-0.14186	-0.18646	-0.22585	-0.26118
2.1816	-0.040887	-0.097362	-0.14332	-0.18633	-0.22318	-0.2641
2.1805	-0.043716	-0.095466	-0.14216	-0.18723	-0.22423	-0.26182
2.1795	-0.042243	-0.09452	-0.14156	-0.1898	-0.22229	-0.26279
2.1784	-0.040545	-0.094102	-0.14368	-0.18477	-0.22253	-0.26186
2.1773	-0.04119	-0.092225	-0.13943	-0.186	-0.22178	-0.25897
2.1763	-0.040305	-0.095761	-0.14195	-0.18759	-0.22196	-0.26262
2.1752	-0.040845	-0.094246	-0.13989	-0.18453	-0.22313	-0.26086
2.1742	-0.042844	-0.095002	-0.14215	-0.18814	-0.22193	-0.26193
2.1731	-0.042837	-0.095956	-0.14403	-0.18883	-0.22411	-0.2613
2.172	-0.043725	-0.094099	-0.14457	-0.18812	-0.22277	-0.2616
2.171	-0.046385	-0.093159	-0.13932	-0.18709	-0.22342	-0.25916
2.1699	-0.039845	-0.094661	-0.13923	-0.1882	-0.2217	-0.26047
2.1689	-0.038936	-0.094153	-0.13948	-0.18586	-0.22192	-0.2592
2.1678	-0.041833	-0.093594	-0.13901	-0.1873	-0.22137	-0.25669
2.1668	-0.042475	-0.095098	-0.13922	-0.18852	-0.22198	-0.2615
2.1657	-0.04071	-0.094752	-0.14088	-0.18632	-0.2225	-0.25845
2.1647	-0.040237	-0.093141	-0.14152	-0.18619	-0.22001	-0.25833
2.1636	-0.039746	-0.093692	-0.1398	-0.18574	-0.21937	-0.25906
2.1626	-0.041982	-0.09217	-0.1405	-0.18477	-0.21996	-0.25776
2.1615	-0.044165	-0.091662	-0.14116	-0.18526	-0.22168	-0.26032
2.1605	-0.041919	-0.092436	-0.13953	-0.18604	-0.2181	-0.2585
2.1594	-0.041824	-0.093488	-0.14043	-0.18452	-0.22031	-0.257
2.1584	-0.043434	-0.092251	-0.14123	-0.18597	-0.2215	-0.25776
2.1573	-0.039498	-0.093736	-0.14138	-0.18677	-0.22042	-0.25865
2.1563	-0.039311	-0.090534	-0.13567	-0.18345	-0.21745	-0.25771
2.1552	-0.040868	-0.092978	-0.13943	-0.18472	-0.21826	-0.25654
2.1542	-0.03862	-0.090656	-0.13947	-0.18324	-0.21773	-0.25528
2.1532	-0.040104	-0.090583	-0.13922	-0.18441	-0.21892	-0.25634
2.1521	-0.04102	-0.095362	-0.13843	-0.18349	-0.21734	-0.25743
2.1511	-0.041094	-0.092423	-0.14107	-0.18567	-0.21738	-0.25925
2.1501	-0.042691	-0.092558	-0.13972	-0.18251	-0.21696	-0.25411
2.149	-0.040704	-0.090862	-0.13745	-0.18209	-0.21536	-0.25286
2.148	-0.040075	-0.091535	-0.13752	-0.18414	-0.21524	-0.25444
2.1469	-0.042191	-0.090024	-0.13811	-0.18394	-0.21491	-0.25491
2.1459	-0.039381	-0.092198	-0.13549	-0.18302	-0.21734	-0.2543
2.1449	-0.037181	-0.090165	-0.13797	-0.18364	-0.21575	-0.2544
2.1439	-0.042039	-0.091415	-0.13784	-0.18309	-0.21788	-0.2507
2.1428	-0.041185	-0.093221	-0.13718	-0.18286	-0.21725	-0.2561
2.1418	-0.039847	-0.091343	-0.13581	-0.18159	-0.21576	-0.25254
2.1408	-0.039427	-0.090627	-0.13615	-0.18156	-0.21525	-0.25067
2.1397	-0.039081	-0.091092	-0.13703	-0.18177	-0.21469	-0.25252
2.1387	-0.038935	-0.090399	-0.13761	-0.18091	-0.21575	-0.25077
2.1377	-0.041451	-0.090935	-0.13818	-0.18062	-0.21633	-0.25074
2.1367	-0.042115	-0.09094	-0.13614	-0.183	-0.21188	-0.25134
2.1356	-0.038218	-0.090253	-0.13714	-0.17986	-0.21446	-0.25237
2.1346	-0.039029	-0.086682	-0.13397	-0.18017	-0.21387	-0.24757
2.1336	-0.037797	-0.088372	-0.13445	-0.17967	-0.21198	-0.25062
2.1326	-0.038377	-0.08778	-0.13551	-0.1801	-0.21317	-0.24994
2.1316	-0.038139	-0.092836	-0.13606	-0.18079	-0.21403	-0.25201
2.1305	-0.0394	-0.089182	-0.13519	-0.17931	-0.21087	-0.25258
2.1295	-0.039242	-0.087424	-0.13448	-0.17771	-0.21391	-0.25145
2.1285	-0.039882	-0.09007	-0.13339	-0.17759	-0.21319	-0.25014
2.1275	-0.037559	-0.089175	-0.13516	-0.17907	-0.21319	-0.24961
2.1265	-0.039078	-0.086982	-0.1331	-0.17805	-0.21388	-0.24952
2.1255	-0.040384	-0.0889	-0.13426	-0.18009	-0.21259	-0.24731
2.1245	-0.035922	-0.089754	-0.13564	-0.18003	-0.20979	-0.25014
2.1235	-0.03914	-0.088735	-0.13315	-0.1809	-0.21113	-0.24741
2.1224	-0.04004	-0.088561	-0.13537	-0.1819	-0.21307	-0.24853
2.1214	-0.04012	-0.086273	-0.13471	-0.17965	-0.21192	-0.24823
2.1204	-0.037614	-0.086239	-0.13502	-0.17757	-0.21356	-0.24584
2.1194	-0.040695	-0.087332	-0.13224	-0.17847	-0.21102	-0.24877
2.1184	-0.039825	-0.087839	-0.13264	-0.1772	-0.21264	-0.24596
2.1174	-0.036909	-0.087618	-0.13366	-0.17596	-0.21192	-0.2474
2.1164	-0.040631	-0.088788	-0.13427	-0.17669	-0.21158	-0.24725
2.1154	-0.03657	-0.088697	-0.13226	-0.17609	-0.2094	-0.24709
2.1144	-0.039895	-0.087585	-0.13303	-0.17766	-0.21052	-0.24621
2.1134	-0.03792	-0.086156	-0.13155	-0.17477	-0.20945	-0.24682
2.1124	-0.037546	-0.087293	-0.13298	-0.17667	-0.20773	-0.2448
2.1114	-0.038027	-0.087309	-0.13306	-0.1771	-0.20808	-0.24609
2.1104	-0.039513	-0.088831	-0.13253	-0.17821	-0.20982	-0.24497
2.1094	-0.038054	-0.086609	-0.13051	-0.17637	-0.21339	-0.24507
2.1084	-0.041037	-0.088221	-0.13226	-0.17431	-0.21072	-0.24522
2.1074	-0.038573	-0.089285	-0.13355	-0.17479	-0.2104	-0.24573
2.1064	-0.036184	-0.086412	-0.13175	-0.17656	-0.21029	-0.24523
2.1054	-0.037197	-0.087687	-0.12912	-0.17382	-0.2088	-0.24357
2.1044	-0.040037	-0.089043	-0.13096	-0.17487	-0.21031	-0.24173
2.1034	-0.037311	-0.086562	-0.13109	-0.17379	-0.20926	-0.24366
2.1025	-0.038943	-0.088975	-0.12905	-0.17299	-0.20839	-0.24306
2.1015	-0.037947	-0.090205	-0.1331	-0.1724	-0.21116	-0.24324
2.1005	-0.038181	-0.088574	-0.1306	-0.17358	-0.21137	-0.24518
2.0995	-0.035853	-0.085963	-0.12881	-0.17517	-0.2084	-0.24427
2.0985	-0.039272	-0.086573	-0.13114	-0.17664	-0.21043	-0.24362
2.0975	-0.03658	-0.086966	-0.13128	-0.1743	-0.2078	-0.24401
2.0965	-0.037565	-0.086424	-0.13182	-0.17366	-0.20671	-0.24284
2.0956	-0.041899	-0.087902	-0.12915	-0.17575	-0.21038	-0.24372
2.0946	-0.036863	-0.086129	-0.13219	-0.17291	-0.20551	-0.24324
2.0936	-0.039086	-0.086134	-0.1291	-0.17306	-0.20812	-0.24134
2.0926	-0.040773	-0.086639	-0.13078	-0.17266	-0.20728	-0.24022
2.0916	-0.037995	-0.087366	-0.129	-0.17406	-0.20764	-0.24309
2.0907	-0.036196	-0.085769	-0.12974	-0.17163	-0.20619	-0.24108
2.0897	-0.039181	-0.08632	-0.12895	-0.17374	-0.20774	-0.24271
2.0887	-0.037743	-0.088231	-0.13055	-0.17167	-0.20733	-0.24348
2.0877	-0.037753	-0.085089	-0.1296	-0.17198	-0.20656	-0.23968
2.0867	-0.039407	-0.087704	-0.12925	-0.17163	-0.20553	-0.24154
2.0858	-0.037236	-0.086129	-0.13003	-0.17412	-0.20737	-0.24368
2.0848	-0.037	-0.084726	-0.12605	-0.17378	-0.20521	-0.24088
2.0838	-0.038246	-0.087739	-0.12779	-0.17304	-0.20596	-0.23933
2.0829	-0.03726	-0.087389	-0.12984	-0.17013	-0.20652	-0.2424
2.0819	-0.037842	-0.085535	-0.12906	-0.17108	-0.20629	-0.24181
2.0809	-0.042492	-0.088854	-0.12953	-0.17223	-0.20695	-0.24218
2.0799	-0.040408	-0.0878	-0.13108	-0.17313	-0.20608	-0.24569
2.079	-0.036232	-0.086013	-0.1268	-0.17282	-0.2067	-0.23844
2.078	-0.03953	-0.085436	-0.12817	-0.17236	-0.20388	-0.24096
2.077	-0.038615	-0.086114	-0.13041	-0.1717	-0.20796	-0.24114
2.0761	-0.03834	-0.088085	-0.13095	-0.17265	-0.20654	-0.23865
2.0751	-0.039791	-0.086294	-0.12817	-0.17196	-0.2052	-0.24077
2.0742	-0.037063	-0.087547	-0.12818	-0.17119	-0.20411	-0.24165
2.0732	-0.038973	-0.087102	-0.12974	-0.17208	-0.20206	-0.24101
2.0722	-0.040835	-0.088903	-0.132	-0.17282	-0.20624	-0.24054
2.0713	-0.038213	-0.085542	-0.12581	-0.17235	-0.20608	-0.24049
2.0703	-0.038687	-0.085856	-0.13193	-0.17048	-0.2046	-0.24163
2.0694	-0.038626	-0.087043	-0.12808	-0.17206	-0.20347	-0.23935
2.0684	-0.039635	-0.085258	-0.12955	-0.17252	-0.20481	-0.24023
2.0674	-0.038493	-0.086677	-0.13049	-0.17067	-0.20601	-0.24043
2.0665	-0.040948	-0.086624	-0.12614	-0.1709	-0.20415	-0.24064
2.0655	-0.039553	-0.084769	-0.1289	-0.17108	-0.2025	-0.2389
2.0646	-0.038985	-0.086825	-0.12931	-0.17056	-0.2034	-0.24015
2.0636	-0.040309	-0.08505	-0.12593	-0.16974	-0.20325	-0.23706
2.0627	-0.038641	-0.08542	-0.12779	-0.17064	-0.20407	-0.24038
2.0617	-0.039853	-0.082915	-0.12819	-0.17097	-0.20348	-0.23803
2.0608	-0.037394	-0.084714	-0.12786	-0.16522	-0.20152	-0.23789
2.0598	-0.040399	-0.083803	-0.12692	-0.16869	-0.20534	-0.24057
2.0589	-0.038109	-0.087448	-0.12793	-0.17067	-0.20306	-0.23922
2.0579	-0.037096	-0.084167	-0.12542	-0.17029	-0.20258	-0.23967
2.057	-0.038701	-0.083475	-0.12557	-0.16987	-0.20239	-0.23835
2.056	-0.039939	-0.087525	-0.12645	-0.17018	-0.20222	-0.23769
2.0551	-0.036111	-0.083472	-0.12681	-0.16854	-0.20078	-0.23763
2.0541	-0.041054	-0.08458	-0.12591	-0.1695	-0.20217	-0.23704
2.0532	-0.04038	-0.086661	-0.12862	-0.16858	-0.20231	-0.23881
2.0523	-0.038099	-0.084573	-0.1282	-0.16897	-0.20145	-0.23739
2.0513	-0.037834	-0.083916	-0.12631	-0.16604	-0.20125	-0.23661
2.0504	-0.038896	-0.086469	-0.12507	-0.16474	-0.20157	-0.23606
2.0494	-0.041622	-0.08437	-0.12634	-0.16937	-0.20433	-0.23855
2.0485	-0.040258	-0.084619	-0.12576	-0.16765	-0.1996	-0.23677
2.0476	-0.039426	-0.088164	-0.1259	-0.16932	-0.20233	-0.23837
2.0466	-0.039287	-0.085342	-0.12704	-0.17098	-0.20179	-0.23789
2.0457	-0.038533	-0.083214	-0.12688	-0.1674	-0.20251	-0.23658
2.0448	-0.038737	-0.083867	-0.12685	-0.1689	-0.20116	-0.23677
2.0438	-0.037328	-0.084206	-0.12516	-0.16622	-0.20015	-0.23641
2.0429	-0.036831	-0.084599	-0.12538	-0.1656	-0.20012	-0.23496
2.042	-0.03981	-0.083441	-0.12532	-0.16916	-0.20117	-0.23742
2.041	-0.038512	-0.084523	-0.12478	-0.16648	-0.20008	-0.23647
2.0401	-0.039539	-0.08397	-0.12298	-0.16672	-0.20048	-0.23469
2.0392	-0.039172	-0.083947	-0.12411	-0.16897	-0.20195	-0.23383
2.0382	-0.03995	-0.082792	-0.12503	-0.16955	-0.19984	-0.23577
2.0373	-0.03917	-0.084981	-0.1264	-0.16658	-0.20032	-0.23544
2.0364	-0.038356	-0.083593	-0.12352	-0.16738	-0.1988	-0.23377
2.0355	-0.037415	-0.084014	-0.12516	-0.16646	-0.19862	-0.23613
2.0345	-0.038154	-0.084221	-0.12512	-0.16561	-0.1985	-0.23471
2.0336	-0.037628	-0.081452	-0.1236	-0.16544	-0.20123	-0.23348
2.0327	-0.038575	-0.083111	-0.12554	-0.16682	-0.20062	-0.23149
2.0318	-0.037749	-0.084425	-0.12387	-0.16615	-0.20015	-0.2329
2.0308	-0.036222	-0.083236	-0.12515	-0.16511	-0.19927	-0.23314
2.0299	-0.036354	-0.082391	-0.12379	-0.1663	-0.19815	-0.23266
2.029	-0.037581	-0.082835	-0.12361	-0.16535	-0.19706	-0.23409
2.0281	-0.037016	-0.078943	-0.1231	-0.16467	-0.19609	-0.2313
2.0272	-0.038393	-0.083583	-0.12274	-0.16377	-0.19799	-0.22971
2.0262	-0.038756	-0.083872	-0.12334	-0.16305	-0.19916	-0.23397
2.0253	-0.037159	-0.081342	-0.12503	-0.16399	-0.19859	-0.23153
2.0244	-0.037677	-0.084241	-0.1245	-0.16518	-0.19896	-0.23197
2.0235	-0.039007	-0.081522	-0.12296	-0.16564	-0.20147	-0.231
2.0226	-0.037762	-0.08487	-0.12432	-0.16405	-0.19853	-0.2292
2.0217	-0.040046	-0.083691	-0.12313	-0.1634	-0.19728	-0.22961
2.0208	-0.037362	-0.084985	-0.12366	-0.16407	-0.19792	-0.23265
2.0198	-0.037765	-0.082997	-0.12202	-0.16586	-0.19979	-0.23145
2.0189	-0.038704	-0.082726	-0.12328	-0.16353	-0.19765	-0.22964
2.018	-0.04008	-0.084226	-0.12353	-0.1633	-0.19819	-0.23082
2.0171	-0.037763	-0.083118	-0.12223	-0.16741	-0.19755	-0.23224
2.0162	-0.035999	-0.081131	-0.12165	-0.16428	-0.19893	-0.23035
2.0153	-0.036838	-0.080426	-0.1186	-0.16195	-0.19458	-0.23051
2.0144	-0.03849	-0.08016	-0.11883	-0.16328	-0.19545	-0.22923
2.0135	-0.033831	-0.081588	-0.11957	-0.16015	-0.1952	-0.22999
2.0126	-0.03885	-0.080455	-0.12121	-0.16188	-0.19489	-0.22802
2.0117	-0.038951	-0.0804	-0.1207	-0.16205	-0.19849	-0.22985
2.0108	-0.039913	-0.081646	-0.12249	-0.16238	-0.19722	-0.23016
2.0099	-0.037607	-0.082437	-0.11861	-0.1611	-0.19587	-0.22957
2.009	-0.039016	-0.081343	-0.12107	-0.16428	-0.19595	-0.22849
2.0081	-0.037597	-0.08057	-0.12006	-0.1647	-0.19581	-0.22815
2.0072	-0.033653	-0.080914	-0.12072	-0.16229	-0.19477	-0.22816
2.0063	-0.036357	-0.079982	-0.12092	-0.16262	-0.19344	-0.22574
2.0054	-0.036894	-0.079097	-0.12075	-0.16289	-0.19511	-0.22561
2.0045	-0.034741	-0.078684	-0.1188	-0.16141	-0.19559	-0.22711
2.0036	-0.034949	-0.081914	-0.11905	-0.16076	-0.1951	-0.22732
2.0027	-0.036944	-0.08242	-0.12033	-0.16065	-0.19446	-0.22584
2.0018	-0.03544	-0.080194	-0.12097	-0.16097	-0.19541	-0.22778
2.0009	-0.035547	-0.08124	-0.11747	-0.1587	-0.19101	-0.22571
2	-0.036105	-0.079398	-0.1197	-0.15967	-0.1936	-0.22527
1.9991	-0.037164	-0.08246	-0.11812	-0.16171	-0.19486	-0.22419
1.9982	-0.036134	-0.079035	-0.11638	-0.15996	-0.19374	-0.22536
1.9973	-0.033073	-0.079532	-0.11924	-0.16058	-0.19225	-0.22463
1.9964	-0.038378	-0.079137	-0.12014	-0.1573	-0.19407	-0.22572
1.9955	-0.035086	-0.0785	-0.11767	-0.1621	-0.19346	-0.22558
1.9947	-0.037892	-0.080593	-0.11854	-0.1599	-0.19193	-0.22483
1.9938	-0.036631	-0.079968	-0.11878	-0.15912	-0.19297	-0.22653
1.9929	-0.035695	-0.079687	-0.11764	-0.15952	-0.18926	-0.22417
1.992	-0.034228	-0.080632	-0.11652	-0.16043	-0.19224	-0.22367
1.9911	-0.037873	-0.081355	-0.11744	-0.15925	-0.1914	-0.22332
1.9902	-0.0365	-0.078971	-0.11961	-0.1616	-0.19175	-0.22429
1.9893	-0.035437	-0.078929	-0.11895	-0.15849	-0.19128	-0.22616
1.9885	-0.037511	-0.079963	-0.11845	-0.15994	-0.19046	-0.2233
1.9876	-0.035953	-0.080474	-0.12019	-0.15977	-0.19117	-0.22318
1.9867	-0.035065	-0.077758	-0.11812	-0.15981	-0.18984	-0.22217
1.9858	-0.037775	-0.079061	-0.11822	-0.15753	-0.18947	-0.22234
1.9849	-0.038041	-0.08207	-0.1168	-0.16064	-0.19164	-0.22226
1.9841	-0.036326	-0.076551	-0.11776	-0.1594	-0.19096	-0.22345
1.9832	-0.034548	-0.077829	-0.11576	-0.15765	-0.18928	-0.21984
1.9823	-0.03685	-0.079177	-0.11796	-0.15757	-0.18864	-0.22127
1.9814	-0.035573	-0.081531	-0.11625	-0.15726	-0.18925	-0.22038
1.9806	-0.034214	-0.075812	-0.11725	-0.15641	-0.18896	-0.22119
1.9797	-0.035614	-0.077428	-0.11543	-0.15544	-0.18835	-0.22045
1.9788	-0.035893	-0.078443	-0.11697	-0.15903	-0.18995	-0.21998
1.9779	-0.032433	-0.080735	-0.11783	-0.15815	-0.18957	-0.22304
1.9771	-0.033169	-0.077636	-0.11605	-0.15523	-0.18684	-0.21929
1.9762	-0.035951	-0.079468	-0.11719	-0.15579	-0.18838	-0.21918
1.9753	-0.034549	-0.079404	-0.11765	-0.15801	-0.18888	-0.22104
1.9744	-0.032788	-0.07673	-0.11835	-0.15585	-0.18644	-0.21841
1.9736	-0.037955	-0.075769	-0.11649	-0.15614	-0.18463	-0.2171
1.9727	-0.032976	-0.078283	-0.11637	-0.15747	-0.18678	-0.21782
1.9718	-0.035388	-0.076223	-0.11445	-0.15682	-0.18513	-0.21947
1.971	-0.031382	-0.077447	-0.1135	-0.15191	-0.18375	-0.21558
1.9701	-0.03396	-0.077704	-0.11259	-0.15575	-0.18514	-0.21802
1.9692	-0.034398	-0.078774	-0.1156	-0.15511	-0.18534	-0.21866
1.9684	-0.034386	-0.075816	-0.11437	-0.15582	-0.18483	-0.21462
1.9675	-0.034552	-0.078198	-0.11601	-0.15614	-0.18347	-0.2159
1.9667	-0.033164	-0.079119	-0.11582	-0.15577	-0.18437	-0.21687
1.9658	-0.032105	-0.076825	-0.11757	-0.15444	-0.18542	-0.21718
1.9649	-0.032955	-0.074896	-0.11567	-0.15712	-0.18355	-0.21485
1.9641	-0.03707	-0.076887	-0.11663	-0.15503	-0.18471	-0.21898
1.9632	-0.032668	-0.075716	-0.11719	-0.15646	-0.18449	-0.21379
1.9624	-0.035676	-0.077712	-0.11373	-0.15434	-0.18223	-0.21652
1.9615	-0.035884	-0.076866	-0.11481	-0.15547	-0.18577	-0.21743
1.9606	-0.035896	-0.078072	-0.11824	-0.15656	-0.18456	-0.2152
1.9598	-0.033094	-0.077569	-0.11141	-0.15412	-0.18434	-0.21796
1.9589	-0.036289	-0.074524	-0.11618	-0.15422	-0.18302	-0.21634
1.9581	-0.037	-0.078165	-0.11328	-0.15559	-0.18436	-0.21295
1.9572	-0.035492	-0.076634	-0.11402	-0.15337	-0.18692	-0.21636
1.9564	-0.031867	-0.075131	-0.11234	-0.15415	-0.18229	-0.2158
1.9555	-0.037737	-0.077899	-0.11521	-0.154	-0.18143	-0.21527
1.9547	-0.034468	-0.075749	-0.11616	-0.15393	-0.18415	-0.21371
1.9538	-0.032758	-0.075622	-0.11161	-0.15444	-0.18204	-0.21327
1.953	-0.034171	-0.075298	-0.11345	-0.1541	-0.18194	-0.21005
1.9521	-0.035089	-0.075535	-0.11406	-0.15388	-0.1838	-0.21282
1.9513	-0.032928	-0.075428	-0.11503	-0.15689	-0.18193	-0.21507
1.9504	-0.032905	-0.073292	-0.11228	-0.15151	-0.18114	-0.21178
1.9496	-0.032732	-0.076743	-0.1124	-0.15195	-0.18198	-0.21206
1.9487	-0.034953	-0.077472	-0.11287	-0.1524	-0.18202	-0.21306
1.9479	-0.03307	-0.075693	-0.1139	-0.15272	-0.18388	-0.21178
1.947	-0.033708	-0.072907	-0.10921	-0.15007	-0.18293	-0.20987
1.9462	-0.033941	-0.076243	-0.11407	-0.15319	-0.18074	-0.2109
1.9453	-0.032396	-0.075279	-0.11073	-0.1534	-0.18216	-0.21083
1.9445	-0.032516	-0.072018	-0.11088	-0.1529	-0.18156	-0.21125
1.9437	-0.032875	-0.074466	-0.11105	-0.14901	-0.18036	-0.21
1.9428	-0.035115	-0.074899	-0.11328	-0.15237	-0.17955	-0.21328
1.942	-0.032629	-0.0743	-0.11334	-0.15185	-0.1806	-0.21151
1.9411	-0.032273	-0.073685	-0.1092	-0.14758	-0.17916	-0.21132
1.9403	-0.03224	-0.073387	-0.11135	-0.15277	-0.17871	-0.21009
1.9395	-0.030725	-0.073053	-0.11104	-0.15364	-0.179	-0.20911
1.9386	-0.031844	-0.07324	-0.11058	-0.15007	-0.17806	-0.20848
1.9378	-0.034954	-0.074859	-0.11066	-0.15081	-0.18086	-0.20956
1.9369	-0.034495	-0.074771	-0.11237	-0.15207	-0.17947	-0.21052
1.9361	-0.032773	-0.072764	-0.11301	-0.15343	-0.1789	-0.20967
1.9353	-0.033597	-0.072887	-0.11136	-0.15021	-0.18146	-0.20953
1.9344	-0.03845	-0.076556	-0.1117	-0.15177	-0.18121	-0.21114
1.9336	-0.032476	-0.076149	-0.11216	-0.14876	-0.17961	-0.21025
1.9328	-0.032899	-0.073365	-0.10987	-0.14932	-0.17595	-0.2086
1.9319	-0.03266	-0.07415	-0.11002	-0.14986	-0.17903	-0.20836
1.9311	-0.035631	-0.076034	-0.11085	-0.15012	-0.17882	-0.20882
1.9303	-0.033752	-0.074125	-0.11056	-0.15224	-0.17704	-0.20903
1.9295	-0.033682	-0.07338	-0.11021	-0.14746	-0.17762	-0.20918
1.9286	-0.033778	-0.075208	-0.10998	-0.15062	-0.17897	-0.20528
1.9278	-0.033076	-0.074931	-0.11055	-0.14962	-0.1802	-0.20836
1.927	-0.030711	-0.073248	-0.11044	-0.14834	-0.18049	-0.20739
1.9261	-0.031021	-0.072103	-0.10803	-0.14802	-0.1775	-0.20667
1.9253	-0.03319	-0.073055	-0.10898	-0.14864	-0.18077	-0.20996
1.9245	-0.031987	-0.072918	-0.11476	-0.14788	-0.17658	-0.20865
1.9237	-0.030424	-0.071795	-0.10911	-0.14945	-0.17767	-0.2078
1.9228	-0.03366	-0.070974	-0.11096	-0.14886	-0.17697	-0.20715
1.922	-0.030558	-0.071306	-0.11001	-0.14707	-0.17675	-0.20598
1.9212	-0.03135	-0.072927	-0.10931	-0.14718	-0.17671	-0.20795
1.9204	-0.032117	-0.07328	-0.11148	-0.1503	-0.17864	-0.20527
1.9196	-0.033328	-0.072062	-0.11168	-0.14732	-0.17878	-0.20834
1.9187	-0.032648	-0.07558	-0.11037	-0.15121	-0.17752	-0.20546
1.9179	-0.031971	-0.07342	-0.10921	-0.151	-0.17661	-0.20734
1.9171	-0.031619	-0.072672	-0.1087	-0.1456	-0.17692	-0.20741
1.9163	-0.033866	-0.075405	-0.10963	-0.14828	-0.17753	-0.20548
1.9155	-0.032638	-0.070663	-0.1101	-0.14654	-0.17672	-0.20668
1.9147	-0.031484	-0.071939	-0.10963	-0.14736	-0.1751	-0.20541
1.9138	-0.03442	-0.072865	-0.11043	-0.14583	-0.17591	-0.20538
1.913	-0.033947	-0.074308	-0.10956	-0.15009	-0.17761	-0.20722
1.9122	-0.031976	-0.074992	-0.1113	-0.14895	-0.17738	-0.20833
1.9114	-0.035276	-0.072904	-0.10829	-0.14597	-0.17684	-0.20676
1.9106	-0.033405	-0.075014	-0.10702	-0.14844	-0.17853	-0.20714
1.9098	-0.033562	-0.071871	-0.10998	-0.14768	-0.17706	-0.20682
1.909	-0.033207	-0.072706	-0.10788	-0.14693	-0.17578	-0.2053
1.9082	-0.034533	-0.07571	-0.10813	-0.14581	-0.17515	-0.20755
1.9073	-0.03398	-0.073517	-0.10901	-0.14721	-0.17547	-0.2058
1.9065	-0.032782	-0.07351	-0.11104	-0.14846	-0.176	-0.20962
1.9057	-0.032465	-0.072482	-0.10998	-0.14685	-0.17442	-0.20553
1.9049	-0.034412	-0.07222	-0.10819	-0.14669	-0.17657	-0.20356
1.9041	-0.03319	-0.075451	-0.1096	-0.14863	-0.17654	-0.20779
1.9033	-0.031901	-0.073228	-0.11011	-0.1467	-0.17708	-0.20452
1.9025	-0.03233	-0.070945	-0.10965	-0.1447	-0.17606	-0.20479
1.9017	-0.034782	-0.073325	-0.10657	-0.14706	-0.17488	-0.20486
1.9009	-0.030486	-0.071165	-0.10726	-0.14516	-0.174	-0.20455
1.9001	-0.030192	-0.072867	-0.10636	-0.14514	-0.17374	-0.20306
1.8993	-0.032079	-0.071585	-0.10685	-0.14423	-0.17343	-0.20384
1.8985	-0.033653	-0.071674	-0.1065	-0.14458	-0.17342	-0.20316
1.8977	-0.032903	-0.071799	-0.10947	-0.14576	-0.17338	-0.20295
1.8969	-0.030586	-0.072929	-0.10531	-0.14569	-0.1735	-0.20385
1.8961	-0.033513	-0.07375	-0.10598	-0.14483	-0.17265	-0.20468
1.8953	-0.030616	-0.07059	-0.10671	-0.14479	-0.17466	-0.20286
1.8945	-0.028857	-0.072644	-0.10605	-0.1459	-0.17592	-0.20467
1.8937	-0.031674	-0.070455	-0.1046	-0.14478	-0.17377	-0.20162
1.8929	-0.035377	-0.072934	-0.10603	-0.14609	-0.17428	-0.20433
1.8921	-0.033622	-0.074064	-0.1092	-0.1458	-0.1745	-0.20464
1.8913	-0.031183	-0.071982	-0.10638	-0.14463	-0.17281	-0.2026
1.8905	-0.034332	-0.072569	-0.10674	-0.14472	-0.17145	-0.19983
1.8897	-0.035972	-0.073191	-0.1073	-0.14816	-0.17506	-0.20434
1.8889	-0.031875	-0.071809	-0.108	-0.14486	-0.1752	-0.20158
1.8881	-0.030976	-0.072521	-0.10534	-0.14512	-0.17094	-0.20528
1.8873	-0.033539	-0.070879	-0.10753	-0.14403	-0.1708	-0.20277
1.8865	-0.033488	-0.074069	-0.10796	-0.14461	-0.16994	-0.20096
1.8857	-0.031757	-0.072135	-0.10377	-0.14486	-0.17129	-0.20119
1.885	-0.030296	-0.069403	-0.10459	-0.14284	-0.1718	-0.19913
1.8842	-0.032707	-0.072641	-0.10457	-0.14428	-0.17011	-0.1978
1.8834	-0.035514	-0.07018	-0.10396	-0.14328	-0.17061	-0.20183
1.8826	-0.03162	-0.069797	-0.10539	-0.14397	-0.17138	-0.20021
1.8818	-0.032925	-0.072182	-0.10459	-0.14206	-0.17049	-0.1996
1.881	-0.034445	-0.071774	-0.10564	-0.14422	-0.17213	-0.19912
1.8802	-0.02978	-0.070441	-0.10579	-0.14471	-0.17022	-0.20144
1.8794	-0.029445	-0.070747	-0.10427	-0.1408	-0.17121	-0.19949
1.8787	-0.031972	-0.070458	-0.10453	-0.14252	-0.1709	-0.19946
1.8779	-0.032503	-0.071431	-0.10567	-0.14093	-0.17074	-0.19954
1.8771	-0.028828	-0.07086	-0.10509	-0.14133	-0.17023	-0.20122
1.8763	-0.032436	-0.070522	-0.10417	-0.13974	-0.16887	-0.19826
1.8755	-0.032323	-0.070137	-0.10473	-0.14302	-0.16854	-0.19918
1.8747	-0.031955	-0.070502	-0.10368	-0.1432	-0.16791	-0.1988
1.874	-0.029992	-0.067881	-0.10399	-0.14343	-0.16766	-0.19786
1.8732	-0.030636	-0.06747	-0.1033	-0.13867	-0.16681	-0.19684
1.8724	-0.028491	-0.067501	-0.1021	-0.1396	-0.16714	-0.19722
1.8716	-0.031377	-0.070411	-0.10261	-0.13963	-0.16676	-0.19729
1.8708	-0.032398	-0.067378	-0.10516	-0.14095	-0.17036	-0.19922
1.8701	-0.028663	-0.067995	-0.10367	-0.14015	-0.16755	-0.19864
1.8693	-0.034161	-0.06961	-0.10444	-0.14205	-0.16775	-0.1964
1.8685	-0.03182	-0.071283	-0.10268	-0.14132	-0.16915	-0.19873
1.8677	-0.028731	-0.069301	-0.10337	-0.13821	-0.1682	-0.19483
1.867	-0.030734	-0.067343	-0.10575	-0.13891	-0.1678	-0.19507
1.8662	-0.033966	-0.069412	-0.10228	-0.14064	-0.16684	-0.19677
1.8654	-0.032615	-0.067885	-0.10309	-0.13929	-0.16712	-0.19968
1.8646	-0.031724	-0.070023	-0.10333	-0.1382	-0.16767	-0.19795
1.8639	-0.030029	-0.070659	-0.10278	-0.13824	-0.1671	-0.19528
1.8631	-0.034797	-0.068238	-0.10252	-0.13989	-0.16587	-0.19386
1.8623	-0.031272	-0.070684	-0.10503	-0.13947	-0.16854	-0.19631
1.8616	-0.029656	-0.067825	-0.10294	-0.13975	-0.16754	-0.19486
1.8608	-0.033016	-0.067577	-0.10174	-0.13569	-0.16629	-0.19471
1.86	-0.033368	-0.069542	-0.10125	-0.13923	-0.16746	-0.19559
1.8593	-0.03066	-0.071814	-0.10295	-0.13958	-0.16592	-0.19465
1.8585	-0.03285	-0.067442	-0.10338	-0.13742	-0.16509	-0.19548
1.8577	-0.033466	-0.069763	-0.10428	-0.13918	-0.1667	-0.19252
1.857	-0.032101	-0.068141	-0.10447	-0.1387	-0.16634	-0.19421
1.8562	-0.030572	-0.069471	-0.10344	-0.1384	-0.16498	-0.19584
1.8554	-0.030173	-0.066757	-0.10146	-0.137	-0.16659	-0.19347
1.8547	-0.03297	-0.069079	-0.10104	-0.14016	-0.1648	-0.19224
1.8539	-0.030851	-0.067664	-0.10049	-0.13755	-0.16564	-0.19415
1.8531	-0.030522	-0.067265	-0.10278	-0.13839	-0.16407	-0.19265
1.8524	-0.027941	-0.065733	-0.099317	-0.1352	-0.16465	-0.19022
1.8516	-0.032553	-0.069589	-0.10087	-0.13688	-0.16429	-0.19318
1.8509	-0.030215	-0.067328	-0.099865	-0.13767	-0.16441	-0.19173
1.8501	-0.029243	-0.066617	-0.10275	-0.13796	-0.16226	-0.19139
1.8493	-0.030746	-0.06467	-0.10005	-0.13739	-0.1646	-0.19172
1.8486	-0.030661	-0.067425	-0.10102	-0.13533	-0.16562	-0.18986
1.8478	-0.02957	-0.066673	-0.10016	-0.13851	-0.16481	-0.19173
1.8471	-0.033116	-0.067891	-0.10357	-0.13519	-0.16251	-0.19252
1.8463	-0.030825	-0.068923	-0.10035	-0.13521	-0.16393	-0.1901
1.8456	-0.031396	-0.067993	-0.10118	-0.13623	-0.16329	-0.19408
1.8448	-0.029711	-0.069053	-0.10076	-0.13965	-0.16357	-0.1924
1.844	-0.031814	-0.067679	-0.10311	-0.13822	-0.16465	-0.19137
1.8433	-0.033082	-0.068871	-0.10064	-0.1343	-0.16242	-0.19353
1.8425	-0.03167	-0.068568	-0.10034	-0.1378	-0.16522	-0.18968
1.8418	-0.030995	-0.067154	-0.10365	-0.13625	-0.16473	-0.19149
1.841	-0.030692	-0.067963	-0.10155	-0.13491	-0.16417	-0.1904
1.8403	-0.030506	-0.066472	-0.10186	-0.13504	-0.16393	-0.18952
1.8395	-0.031151	-0.068416	-0.10037	-0.13581	-0.16173	-0.18998
1.8388	-0.030911	-0.066414	-0.099919	-0.1373	-0.16267	-0.19152
1.838	-0.030915	-0.067458	-0.10079	-0.13441	-0.16345	-0.19287
1.8373	-0.03345	-0.068642	-0.099228	-0.13437	-0.16142	-0.18871
1.8365	-0.0321	-0.067371	-0.10219	-0.13803	-0.1639	-0.1907
1.8358	-0.029821	-0.067741	-0.10132	-0.13746	-0.16257	-0.18834
1.835	-0.032024	-0.068243	-0.098751	-0.13559	-0.16018	-0.18842
1.8343	-0.033319	-0.067036	-0.098994	-0.13349	-0.16155	-0.18677
1.8335	-0.031745	-0.068025	-0.099613	-0.13478	-0.16184	-0.18757
1.8328	-0.03075	-0.066484	-0.10035	-0.13436	-0.16298	-0.18947
1.832	-0.031369	-0.065851	-0.10014	-0.13375	-0.16034	-0.18724
1.8313	-0.030964	-0.066088	-0.099335	-0.13269	-0.1608	-0.18965
1.8306	-0.029147	-0.068471	-0.10106	-0.13384	-0.16138	-0.19013
1.8298	-0.029843	-0.066722	-0.099536	-0.13568	-0.15885	-0.18877
1.8291	-0.02938	-0.066662	-0.098942	-0.13502	-0.16046	-0.18766
1.8283	-0.031535	-0.065055	-0.099582	-0.13366	-0.15931	-0.18448
1.8276	-0.031116	-0.068559	-0.10016	-0.13446	-0.16379	-0.18467
1.8269	-0.030585	-0.06659	-0.099287	-0.13603	-0.16242	-0.18807
1.8261	-0.030872	-0.065266	-0.099857	-0.1337	-0.16068	-0.18865
1.8254	-0.031088	-0.068092	-0.096601	-0.13173	-0.15918	-0.18801
1.8246	-0.032317	-0.064333	-0.096651	-0.13452	-0.16014	-0.18791
1.8239	-0.029286	-0.066411	-0.10072	-0.13392	-0.15991	-0.18742
1.8232	-0.029629	-0.06519	-0.097682	-0.13408	-0.15743	-0.18807
1.8224	-0.03025	-0.064938	-0.098057	-0.13173	-0.15836	-0.18604
1.8217	-0.030548	-0.066963	-0.098739	-0.13249	-0.15956	-0.18402
1.821	-0.030847	-0.067565	-0.098703	-0.13389	-0.1582	-0.18581
1.8202	-0.028593	-0.06625	-0.096665	-0.13177	-0.15889	-0.18483
1.8195	-0.029994	-0.065658	-0.097545	-0.13314	-0.1568	-0.18581
1.8188	-0.030301	-0.06777	-0.099308	-0.13235	-0.15749	-0.18568
1.818	-0.028371	-0.063168	-0.097114	-0.13402	-0.15772	-0.18499
1.8173	-0.027232	-0.06254	-0.098993	-0.13268	-0.15869	-0.18482
1.8166	-0.028739	-0.063939	-0.09642	-0.12949	-0.15698	-0.18455
1.8158	-0.029395	-0.064535	-0.096861	-0.13126	-0.15532	-0.18468
1.8151	-0.028738	-0.06402	-0.098075	-0.13254	-0.1559	-0.1847
1.8144	-0.027835	-0.065394	-0.096045	-0.13202	-0.1562	-0.1847
1.8136	-0.027574	-0.06394	-0.096368	-0.13219	-0.15768	-0.18583
1.8129	-0.029928	-0.062622	-0.096871	-0.13271	-0.15738	-0.18448
1.8122	-0.029086	-0.067854	-0.096586	-0.13276	-0.15564	-0.18435
1.8115	-0.02942	-0.066125	-0.099779	-0.13152	-0.15836	-0.18595
1.8107	-0.029913	-0.065913	-0.098281	-0.13169	-0.15547	-0.18229
1.81	-0.030914	-0.068307	-0.096222	-0.13275	-0.15676	-0.18579
1.8093	-0.029713	-0.065857	-0.09645	-0.13171	-0.15771	-0.18432
1.8085	-0.029667	-0.065512	-0.096688	-0.1323	-0.15742	-0.18508
1.8078	-0.029553	-0.065817	-0.09621	-0.1306	-0.15465	-0.18201
1.8071	-0.030034	-0.063568	-0.096928	-0.13208	-0.15574	-0.18332
1.8064	-0.029305	-0.065713	-0.097087	-0.13411	-0.15802	-0.18525
1.8057	-0.025524	-0.063569	-0.097154	-0.12952	-0.15522	-0.18376
1.8049	-0.027888	-0.063923	-0.095564	-0.1292	-0.15444	-0.18261
1.8042	-0.029986	-0.064821	-0.094168	-0.12969	-0.1541	-0.18323
1.8035	-0.029011	-0.066652	-0.096446	-0.12873	-0.15455	-0.18269
1.8028	-0.027825	-0.062718	-0.096229	-0.12896	-0.15306	-0.18242
1.802	-0.029268	-0.062836	-0.095568	-0.12869	-0.15069	-0.18064
1.8013	-0.028942	-0.063368	-0.095017	-0.12685	-0.1528	-0.18066
1.8006	-0.028874	-0.064142	-0.098635	-0.12897	-0.15293	-0.18087
1.7999	-0.028599	-0.063501	-0.095011	-0.12927	-0.15208	-0.18329
1.7992	-0.02921	-0.063432	-0.095081	-0.1285	-0.15332	-0.17896
1.7985	-0.027855	-0.064611	-0.094629	-0.12869	-0.15218	-0.17908
1.7977	-0.030141	-0.063228	-0.094851	-0.13041	-0.15413	-0.18064
1.797	-0.028632	-0.063726	-0.096404	-0.12931	-0.1538	-0.17857
1.7963	-0.026724	-0.063915	-0.095022	-0.1282	-0.15259	-0.17996
1.7956	-0.030582	-0.063476	-0.094354	-0.1293	-0.15301	-0.1789
1.7949	-0.031043	-0.065737	-0.093822	-0.12964	-0.15431	-0.178
1.7942	-0.027536	-0.063291	-0.095103	-0.12953	-0.15447	-0.17989
1.7935	-0.026722	-0.061506	-0.095622	-0.12796	-0.15207	-0.17974
1.7928	-0.031083	-0.061689	-0.095716	-0.12879	-0.15346	-0.17838
1.792	-0.029516	-0.062195	-0.095484	-0.12759	-0.15477	-0.18015
1.7913	-0.026603	-0.062788	-0.094828	-0.12828	-0.15257	-0.17994
1.7906	-0.02927	-0.062453	-0.094668	-0.12765	-0.15051	-0.18104
1.7899	-0.029974	-0.063643	-0.094408	-0.12851	-0.14956	-0.17948
1.7892	-0.029701	-0.064315	-0.09386	-0.12738	-0.15219	-0.17885
1.7885	-0.02851	-0.061756	-0.096475	-0.12751	-0.14852	-0.18062
1.7878	-0.02684	-0.064495	-0.094471	-0.12683	-0.15029	-0.17975
1.7871	-0.028173	-0.063824	-0.09485	-0.12787	-0.14961	-0.17883
1.7864	-0.028746	-0.064489	-0.095411	-0.12769	-0.15109	-0.17893
1.7857	-0.031231	-0.063122	-0.093112	-0.12569	-0.1509	-0.17762
1.785	-0.027048	-0.060879	-0.094632	-0.12613	-0.1524	-0.18158
1.7843	-0.029716	-0.062235	-0.092881	-0.12675	-0.1513	-0.17922
1.7836	-0.031069	-0.062081	-0.093116	-0.12788	-0.14936	-0.17729
1.7828	-0.027985	-0.062192	-0.093242	-0.12827	-0.14954	-0.17661
1.7821	-0.029371	-0.061398	-0.091375	-0.12416	-0.15046	-0.1775
1.7814	-0.027677	-0.061904	-0.090962	-0.12538	-0.15048	-0.17585
1.7807	-0.027902	-0.06349	-0.091107	-0.1238	-0.14972	-0.17436
1.78	-0.026022	-0.061119	-0.09577	-0.12455	-0.1502	-0.1752
1.7793	-0.027103	-0.061844	-0.094371	-0.12682	-0.15035	-0.17686
1.7786	-0.028755	-0.062166	-0.092097	-0.126	-0.14913	-0.17552
1.7779	-0.028466	-0.064112	-0.093602	-0.12621	-0.14943	-0.17627
1.7772	-0.030197	-0.063382	-0.092593	-0.12525	-0.15117	-0.17804
1.7765	-0.026874	-0.063933	-0.097652	-0.12827	-0.15021	-0.1774
1.7758	-0.02773	-0.064716	-0.096251	-0.12724	-0.15191	-0.17841
1.7751	-0.030736	-0.0626	-0.093317	-0.1253	-0.15039	-0.17499
1.7744	-0.029604	-0.064802	-0.094981	-0.12637	-0.15036	-0.17703
1.7738	-0.031425	-0.06045	-0.094738	-0.12537	-0.14992	-0.17559
1.7731	-0.028687	-0.060585	-0.09207	-0.12739	-0.14846	-0.17824
1.7724	-0.028889	-0.065171	-0.091574	-0.12429	-0.1509	-0.17647
1.7717	-0.031275	-0.062706	-0.0939	-0.1237	-0.14931	-0.17499
1.771	-0.027481	-0.061961	-0.09471	-0.12628	-0.15128	-0.17514
1.7703	-0.029239	-0.063122	-0.09334	-0.12504	-0.14914	-0.1765
1.7696	-0.028645	-0.06151	-0.093775	-0.12289	-0.1477	-0.17275
1.7689	-0.027438	-0.065294	-0.090991	-0.12425	-0.14531	-0.17507
1.7682	-0.028163	-0.061151	-0.091773	-0.128	-0.14746	-0.17695
1.7675	-0.027989	-0.062583	-0.09254	-0.12087	-0.1488	-0.1751
1.7668	-0.031	-0.061757	-0.092782	-0.12189	-0.1478	-0.1761
1.7661	-0.028575	-0.062743	-0.090577	-0.12318	-0.14841	-0.17335
1.7654	-0.02673	-0.062943	-0.092642	-0.12724	-0.15012	-0.17618
1.7648	-0.027882	-0.063776	-0.093369	-0.12376	-0.14679	-0.17524
1.7641	-0.026709	-0.063285	-0.091629	-0.12211	-0.14778	-0.17411
1.7634	-0.030109	-0.061677	-0.090484	-0.12199	-0.14754	-0.17427
1.7627	-0.029082	-0.063026	-0.091627	-0.12592	-0.14794	-0.17368
1.762	-0.026863	-0.061283	-0.092839	-0.1249	-0.14806	-0.17362
1.7613	-0.029865	-0.064248	-0.093354	-0.12469	-0.14835	-0.17198
1.7606	-0.029047	-0.06192	-0.089645	-0.12226	-0.14768	-0.17207
1.76	-0.029755	-0.062196	-0.091459	-0.1227	-0.14745	-0.17363
1.7593	-0.028119	-0.060549	-0.088709	-0.12374	-0.14804	-0.17301
1.7586	-0.028942	-0.061403	-0.088784	-0.1221	-0.14686	-0.17433
1.7579	-0.02762	-0.062433	-0.090118	-0.12348	-0.14438	-0.1728
1.7572	-0.027723	-0.05955	-0.092244	-0.12384	-0.14463	-0.17476
1.7565	-0.030783	-0.061968	-0.090467	-0.1227	-0.14911	-0.17246
1.7559	-0.02689	-0.059889	-0.091563	-0.12114	-0.14559	-0.17094
1.7552	-0.02842	-0.060338	-0.090851	-0.12125	-0.14466	-0.1695
1.7545	-0.029144	-0.059885	-0.089753	-0.12201	-0.1463	-0.17299
1.7538	-0.030876	-0.064213	-0.089599	-0.12361	-0.14825	-0.17023
1.7531	-0.029799	-0.060243	-0.092128	-0.12116	-0.14677	-0.1738
1.7525	-0.029885	-0.061807	-0.090304	-0.12214	-0.14607	-0.17107
1.7518	-0.027816	-0.062967	-0.089284	-0.12123	-0.14623	-0.17284
1.7511	-0.030201	-0.062542	-0.089197	-0.12261	-0.14567	-0.17184
1.7504	-0.02607	-0.063972	-0.088826	-0.12487	-0.14495	-0.17335
1.7497	-0.026795	-0.060298	-0.092415	-0.12056	-0.14582	-0.17311
1.7491	-0.027272	-0.059254	-0.089304	-0.12079	-0.14585	-0.17046
1.7484	-0.026038	-0.059245	-0.087845	-0.12049	-0.14486	-0.16961
1.7477	-0.027712	-0.06079	-0.090883	-0.12216	-0.14458	-0.16956
1.747	-0.026313	-0.058194	-0.09121	-0.12013	-0.14326	-0.17231
1.7464	-0.029291	-0.061484	-0.090753	-0.11998	-0.14392	-0.1685
1.7457	-0.029932	-0.060595	-0.090092	-0.12087	-0.14632	-0.17112
1.745	-0.028581	-0.061128	-0.088529	-0.12375	-0.14417	-0.17179
1.7444	-0.02816	-0.058774	-0.088148	-0.12311	-0.14455	-0.17235
1.7437	-0.028456	-0.0605	-0.090337	-0.12038	-0.14441	-0.17191
1.743	-0.02745	-0.05987	-0.092179	-0.12044	-0.14544	-0.17203
1.7423	-0.030322	-0.063698	-0.091442	-0.12384	-0.14717	-0.17282
1.7417	-0.028015	-0.06214	-0.089532	-0.123	-0.14577	-0.17188
1.741	-0.027597	-0.060799	-0.090215	-0.12042	-0.14277	-0.1713
1.7403	-0.027834	-0.062203	-0.087834	-0.12086	-0.14466	-0.1713
1.7397	-0.030184	-0.060012	-0.091667	-0.12383	-0.14198	-0.17262
1.739	-0.027482	-0.060912	-0.089745	-0.11924	-0.14348	-0.17115
1.7383	-0.027643	-0.059544	-0.088807	-0.12072	-0.14549	-0.17192
1.7377	-0.028265	-0.057792	-0.08881	-0.12001	-0.14195	-0.16781
1.737	-0.026599	-0.057028	-0.088909	-0.12	-0.13968	-0.16666
1.7363	-0.025954	-0.059153	-0.08856	-0.11951	-0.14376	-0.16863
1.7357	-0.027559	-0.060178	-0.089641	-0.11994	-0.14393	-0.1673
1.735	-0.023642	-0.058797	-0.088962	-0.11912	-0.14309	-0.16858
1.7343	-0.028441	-0.060638	-0.088117	-0.11865	-0.1425	-0.17044
1.7337	-0.029461	-0.060207	-0.087174	-0.12062	-0.14398	-0.16823
1.733	-0.026789	-0.059697	-0.089629	-0.12038	-0.14567	-0.16892
1.7323	-0.02686	-0.057848	-0.089303	-0.1219	-0.14341	-0.16944
1.7317	-0.028035	-0.058179	-0.088489	-0.12013	-0.14174	-0.16846
1.731	-0.027318	-0.060545	-0.088136	-0.1201	-0.14186	-0.1717
1.7304	-0.029909	-0.06013	-0.087501	-0.11879	-0.1422	-0.16907
1.7297	-0.02453	-0.059003	-0.089326	-0.12148	-0.14324	-0.16998
1.729	-0.027593	-0.05772	-0.08688	-0.12134	-0.14282	-0.16902
1.7284	-0.028959	-0.060948	-0.087011	-0.11775	-0.14132	-0.16643
1.7277	-0.028998	-0.058841	-0.086699	-0.12098	-0.14085	-0.16619
1.7271	-0.028858	-0.056745	-0.089548	-0.11649	-0.13968	-0.16849
1.7264	-0.025961	-0.055441	-0.087465	-0.12095	-0.13991	-0.16677
1.7257	-0.027631	-0.059919	-0.088483	-0.11907	-0.14144	-0.16484
1.7251	-0.026832	-0.059451	-0.086693	-0.1185	-0.14129	-0.1651
1.7244	-0.027953	-0.058255	-0.086803	-0.11931	-0.14229	-0.16681
1.7238	-0.025785	-0.059022	-0.087143	-0.11819	-0.1427	-0.1679
1.7231	-0.02711	-0.060758	-0.087876	-0.117	-0.14112	-0.1659
1.7225	-0.030397	-0.06087	-0.086424	-0.11983	-0.14549	-0.1677
1.7218	-0.028062	-0.057892	-0.08781	-0.11797	-0.14129	-0.16651
1.7212	-0.02898	-0.059334	-0.08869	-0.11979	-0.1414	-0.16746
1.7205	-0.025788	-0.058792	-0.087194	-0.1185	-0.14166	-0.16712
1.7199	-0.026042	-0.057709	-0.087955	-0.11848	-0.13857	-0.16758
1.7192	-0.028675	-0.060479	-0.085526	-0.11808	-0.13881	-0.16581
1.7186	-0.028321	-0.056871	-0.086586	-0.11735	-0.1382	-0.16547
