Egy	FR0.25T	FR0.25T corrected	FR0.5T	FR0.5T corrected	FR0.75T	FR0.75T corrected	FR1T	FR1T corrected	FR1.2T	FR1.2T corrected	FR1.4T	FR1.4T corrected
2.3473	0.0049512	0.022249	-0.0056207	-0.0086862	0.0079052	0.015692	-0.0011161	-0.0046359	-0.0018241	-9.0372E-4	-0.0061338	-0.0060144
2.346	0.0021288	0.019426	-0.006929	-0.0099945	0.0035235	0.01131	-2.407E-4	-0.0037605	6.921E-4	0.0016124	-0.0073227	-0.0072034
2.3448	0.0044516	0.021749	-0.0031269	-0.0061924	0.0082568	0.016044	6.4114E-4	-0.0028787	0.0043579	0.0052783	-0.0030619	-0.0029425
2.3436	0.0046778	0.021975	-0.0062284	-0.0092939	0.005964	0.013751	-0.0028198	-0.0063397	0.001007	0.0019273	-0.0080447	-0.0079253
2.3423	9.7459E-4	0.018272	-0.0057929	-0.0088584	0.0019759	0.0097627	-0.0038098	-0.0073296	-0.0014479	-5.2751E-4	-0.0056323	-0.0055129
2.3411	0.0069663	0.024264	-0.0014152	-0.0044807	0.0075447	0.015331	0.0032004	-3.1939E-4	0.0052504	0.0061707	-0.0031483	-0.0030289
2.3399	0.0025297	0.019827	-0.0057508	-0.0088163	0.003291	0.011078	0.0014858	-0.0020341	1.7919E-4	0.0010995	-0.0059744	-0.0058551
2.3386	0.0068785	0.024176	-0.0021102	-0.0051757	0.0028865	0.010673	8.0114E-4	-0.0027187	3.1975E-4	0.0012401	-0.0044057	-0.0042863
2.3374	0.0050855	0.022383	-0.0049024	-0.0079679	0.0041952	0.011982	-6.1385E-4	-0.0041337	4.4477E-4	0.0013651	-0.0014218	-0.0013024
2.3362	0.0062132	0.023511	-0.0031214	-0.0061869	0.0064236	0.01421	0.003725	2.0512E-4	8.0471E-4	0.0017251	-0.0051388	-0.0050194
2.335	0.0061844	0.023482	-0.0016986	-0.0047641	0.005893	0.01368	0.0028973	-6.2256E-4	0.003154	0.0040743	-0.0031059	-0.0029865
2.3337	0.0061915	0.023489	-0.002967	-0.0060325	0.0045947	0.012381	0.0015932	-0.0019266	0.0046284	0.0055488	-0.0034203	-0.0033009
2.3325	0.0047277	0.022025	-0.0050564	-0.0081219	0.0027886	0.010575	0.0012529	-0.002267	8.6179E-4	0.0017821	-0.0047768	-0.0046574
2.3313	0.0033582	0.020656	-0.0061155	-0.009181	0.0052943	0.013081	4.7492E-4	-0.0030449	0.0021726	0.003093	-0.0061933	-0.0060739
2.3301	0.0041157	0.021413	-0.0033376	-0.0064031	0.0027315	0.010518	9.6891E-4	-0.0025509	0.0028712	0.0037915	-0.0047336	-0.0046142
2.3288	0.005411	0.022708	-0.0054818	-0.0085473	0.0037911	0.011578	-8.645E-4	-0.0043843	0.0036375	0.0045579	-0.0045942	-0.0044748
2.3276	0.0064399	0.023737	-0.0045773	-0.0076428	0.0051325	0.012919	0.0019967	-0.0015232	0.0024683	0.0033887	-0.0039346	-0.0038153
2.3264	6.1894E-4	0.017916	-0.0082247	-0.01129	-4.5869E-5	0.007741	-0.0020021	-0.0055219	-0.0025629	-0.0016426	-0.0051139	-0.0049945
2.3252	0.0038842	0.021182	-0.0076338	-0.010699	0.003912	0.011699	-2.6801E-4	-0.0037878	0.0013332	0.0022535	-0.0049175	-0.0047981
2.324	0.0061954	0.023493	-0.0021185	-0.005184	0.0067973	0.014584	0.0033365	-1.8336E-4	0.0045696	0.0054899	-2.0204E-4	-8.2672E-5
2.3228	0.0032309	0.020528	-0.0057409	-0.0088064	0.0054019	0.013189	-9.0019E-4	-0.00442	0.0016181	0.0025384	-0.0026305	-0.0025111
2.3215	0.0027025	0.02	-0.0044111	-0.0074766	0.0020472	0.009834	-0.002337	-0.0058568	4.0735E-5	9.6108E-4	-0.0053041	-0.0051848
2.3203	0.0063336	0.023631	-0.001846	-0.0049115	0.0067187	0.014506	0.0038707	3.5084E-4	0.0041566	0.0050769	6.4668E-4	7.6606E-4
2.3191	-2.951E-4	0.017002	-0.0069172	-0.0099827	0.0016518	0.0094386	-1.5147E-4	-0.0036713	-5.5885E-4	3.615E-4	-0.0070009	-0.0068815
2.3179	0.0038358	0.021133	-0.0023315	-0.005397	9.7164E-4	0.0087585	0.0013409	-0.0021789	0.0042445	0.0051648	-0.0029607	-0.0028414
2.3167	0.0018627	0.01916	-0.0040436	-0.0071091	0.0046004	0.012387	1.6289E-4	-0.0033569	0.0011144	0.0020347	-0.0024442	-0.0023248
2.3155	-9.3578E-4	0.016362	-0.0068624	-0.0099279	0.0021567	0.0099435	-0.0014115	-0.0049313	0.0027838	0.0037041	-0.0073981	-0.0072787
2.3143	0.004035	0.021333	-0.0042647	-0.0073302	0.001969	0.0097559	-8.5422E-4	-0.0043741	9.6118E-4	0.0018815	-0.0029904	-0.002871
2.3131	-0.0010533	0.016244	-0.0067743	-0.0098398	-6.6507E-5	0.0077203	-0.0035861	-0.007106	-8.1852E-4	1.0183E-4	-0.006718	-0.0065987
2.3119	0.0031595	0.020457	-0.0029674	-0.0060329	0.0040734	0.01186	-5.3903E-4	-0.0040589	0.0023379	0.0032582	-0.0011545	-0.0010352
2.3107	0.0019835	0.019281	-0.0026107	-0.0056762	0.0031117	0.010898	-7.7013E-4	-0.00429	0.0033761	0.0042964	-0.0041219	-0.0040025
2.3095	0.0039459	0.021243	-0.0064382	-0.0095037	0.0027954	0.010582	3.6812E-4	-0.0031517	0.003503	0.0044234	-0.0019471	-0.0018278
2.3083	0.0045957	0.021893	-0.0039779	-0.0070434	9.6844E-4	0.0087553	1.9799E-4	-0.0033219	0.0017611	0.0026814	-0.0058565	-0.0057371
2.3071	0.0027947	0.020092	-0.0034124	-0.0064779	0.0021432	0.00993	-6.7866E-4	-0.0041985	8.4134E-4	0.0017617	-0.0042079	-0.0040885
2.3059	-4.3831E-4	0.016859	-0.0083454	-0.011411	5.9109E-4	0.0083779	-5.4834E-4	-0.0040682	-0.0026377	-0.0017174	-0.0047031	-0.0045837
2.3047	0.0043388	0.021636	7.4469E-5	-0.002991	0.0042974	0.012084	0.0034984	-2.1465E-5	0.002645	0.0035653	8.2947E-5	2.0232E-4
2.3035	-0.0013201	0.015977	-0.009068	-0.012134	-0.0028104	0.0049764	-0.0041353	-0.0076551	-0.0013731	-4.5278E-4	-0.0057426	-0.0056233
2.3023	0.0052877	0.022585	0.0018466	-0.0012189	0.0058225	0.013609	0.0075215	0.0040017	0.0055056	0.006426	0.0015801	0.0016995
2.3011	-0.0027471	0.01455	-0.0083473	-0.011413	-0.002529	0.0052578	-0.0058735	-0.0093933	-0.0034738	-0.0025535	-0.0058749	-0.0057556
2.2999	0.0028638	0.020161	-0.0028633	-0.0059288	-0.0014977	0.0062892	-0.001004	-0.0045238	7.3385E-4	0.0016542	-0.0045177	-0.0043983
2.2987	0.0018875	0.019185	-0.0055775	-0.008643	-0.0024057	0.0053812	-0.0018095	-0.0053294	-0.0018636	-9.433E-4	-0.0053056	-0.0051862
2.2975	-1.0038E-4	0.017197	-0.0067269	-0.0097924	-0.001799	0.0059878	-8.6009E-4	-0.0043799	-0.0013262	-4.0587E-4	-0.0053928	-0.0052734
2.2964	0.0039031	0.021201	-0.0022257	-0.0052912	9.934E-4	0.0087802	0.002874	-6.4588E-4	7.7084E-4	0.0016912	-0.003903	-0.0037836
2.2952	0.0037731	0.021071	-0.0052732	-0.0083388	0.0025769	0.010364	8.9995E-4	-0.0026199	3.1414E-4	0.0012345	-0.0042473	-0.0041279
2.294	0.0016021	0.0189	-0.0036181	-0.0066836	0.0038829	0.01167	0.0031381	-3.8177E-4	0.0038517	0.004772	-0.0025431	-0.0024237
2.2928	0.0014137	0.018711	-0.0050437	-0.0081092	0.0019393	0.0097261	-0.0010753	-0.0045952	-0.002382	-0.0014617	-0.0040617	-0.0039423
2.2916	5.1935E-4	0.017817	-0.0070926	-0.010158	-0.001099	0.0066878	-4.9811E-4	-0.0040179	-0.0015159	-5.9559E-4	-0.0067022	-0.0065828
2.2904	4.5612E-4	0.017754	-0.0048396	-0.0079051	8.9606E-4	0.0086829	-0.0023191	-0.005839	-0.0018103	-8.8998E-4	-0.0043503	-0.0042309
2.2893	0.0020384	0.019336	-0.0050314	-0.0080969	-3.3708E-4	0.0074497	0.0029969	-5.2293E-4	5.4849E-4	0.0014688	-0.002316	-0.0021966
2.2881	-3.8671E-4	0.016911	-0.0033704	-0.0064359	0.0011566	0.0089434	-4.4149E-4	-0.0039613	-1.6604E-4	7.5431E-4	-0.0025848	-0.0024654
2.2869	0.0014735	0.018771	-0.0014641	-0.0045296	0.0039576	0.011744	0.0022157	-0.0013041	0.0011538	0.0020741	0.0010722	0.0011916
2.2857	-0.0014179	0.01588	-0.0074059	-0.010471	-0.0044382	0.0033486	-0.0050967	-0.0086166	-8.2131E-4	9.9034E-5	-0.0065577	-0.0064384
2.2846	3.8261E-6	0.017301	-0.0027421	-0.0058076	-0.0013614	0.0064255	7.1376E-4	-0.0028061	-4.0154E-4	5.188E-4	-0.0033406	-0.0032212
2.2834	-7.7853E-4	0.016519	-0.0041744	-0.0072399	-0.0024964	0.0052905	-0.0022592	-0.005779	-0.0020312	-0.0011108	-0.005118	-0.0049986
2.2822	-0.0014314	0.015866	-0.0075427	-0.010608	-0.0016194	0.0061675	-0.0034139	-0.0069337	-0.0038293	-0.002909	-0.0078448	-0.0077255
2.2811	0.0031971	0.020495	-2.1636E-5	-0.0030871	0.0012824	0.0090692	0.0011713	-0.0023486	9.8042E-4	0.0019008	-0.0030213	-0.002902
2.2799	7.4006E-4	0.018038	-0.0047987	-0.0078642	-1.1154E-4	0.0076753	-0.0018942	-0.0054141	-0.0019682	-0.0010478	-0.0033886	-0.0032692
2.2787	-7.9028E-4	0.016507	-0.0060925	-0.009158	-0.0023084	0.0054785	-0.0011428	-0.0046627	-3.1E-5	8.8934E-4	-0.0032745	-0.0031551
2.2776	0.0020472	0.019345	-0.0043048	-0.0073703	-0.0016837	0.0061031	-3.8087E-4	-0.0039007	-0.0010688	-1.4844E-4	-0.0035767	-0.0034573
2.2764	-0.001822	0.015476	-0.0070635	-0.010129	-0.0018964	0.0058904	-0.0010084	-0.0045282	-0.0019902	-0.0010699	-0.0049201	-0.0048007
2.2752	9.858E-4	0.018283	-0.0024415	-0.005507	4.5084E-4	0.0082377	0.001852	-0.0016679	7.4835E-4	0.0016687	-0.0011311	-0.0010117
2.2741	-0.0025834	0.014714	-0.005959	-0.0090245	-0.0035232	0.0042636	3.5292E-5	-0.0034845	-0.0015478	-6.2746E-4	-0.0039382	-0.0038188
2.2729	-0.0013453	0.015952	-0.0053959	-0.0084614	-0.0024203	0.0053665	8.2886E-4	-0.002691	-0.0023003	-0.00138	-0.0033578	-0.0032384
2.2717	-0.0028969	0.014401	-0.0086095	-0.011675	-0.0026319	0.0051549	-0.001608	-0.0051278	-0.0025989	-0.0016785	-0.0027909	-0.0026716
2.2706	0.0012939	0.018591	-0.0052622	-0.0083277	-0.0025311	0.0052557	-5.7278E-4	-0.0040926	7.8781E-5	9.9913E-4	-0.0027662	-0.0026469
2.2694	-0.0027668	0.014531	-0.0064128	-0.0094783	-0.0030304	0.0047564	-0.0046225	-0.0081424	-0.0038767	-0.0029563	-0.0064411	-0.0063217
2.2683	0.0026601	0.019958	-0.0030796	-0.0061451	7.4665E-4	0.0085335	-0.0019801	-0.0055	0.0019162	0.0028365	-9.6384E-4	-8.4447E-4
2.2671	-0.0048699	0.012428	-0.0098993	-0.012965	-0.0061533	0.0016335	-0.0057071	-0.0092269	-0.0025409	-0.0016205	-0.0067258	-0.0066064
2.266	1.7435E-4	0.017472	-0.0029809	-0.0060464	0.0019613	0.0097481	4.4052E-4	-0.0030793	0.0040526	0.004973	8.0936E-4	9.2873E-4
2.2648	-2.7848E-4	0.017019	-0.0020476	-0.0051131	6.2073E-6	0.007793	1.9874E-4	-0.0033211	0.0022502	0.0031705	-0.0036222	-0.0035028
2.2636	-0.0039091	0.013388	-0.0051831	-0.0082486	6.5304E-4	0.0084399	-0.0025695	-0.0060893	-0.0018116	-8.9127E-4	-0.005998	-0.0058787
2.2625	-1.3054E-4	0.017167	-0.002382	-0.0054475	-3.5514E-4	0.0074317	5.8363E-5	-0.0034615	7.6029E-4	0.0016806	-1.8353E-4	-6.4155E-5
2.2613	-0.002373	0.014925	-0.0056248	-0.0086903	-0.0019478	0.005839	-7.7563E-4	-0.0042955	-8.0557E-4	1.1478E-4	-0.0043666	-0.0042472
2.2602	7.6952E-4	0.018067	-0.0013035	-0.004369	0.0028983	0.010685	7.9883E-4	-0.002721	0.0029938	0.0039142	2.2203E-4	3.414E-4
2.2591	-0.0036353	0.013662	-0.0057468	-0.0088123	-0.0031206	0.0046662	-7.2157E-4	-0.0042414	-2.0876E-4	7.1158E-4	-0.0037652	-0.0036458
2.2579	-5.0894E-4	0.016789	-0.0038026	-0.0068681	-9.2241E-4	0.0068644	2.4723E-5	-0.0034951	-4.262E-4	4.9414E-4	-3.7463E-4	-2.5526E-4
2.2568	-8.7966E-4	0.016418	-0.004714	-0.0077795	9.914E-5	0.007886	0.0023233	-0.0011966	5.9034E-4	0.0015107	-4.523E-5	7.4141E-5
2.2556	-0.0034988	0.013799	-0.0012918	-0.0043573	-0.0011338	0.006653	0.0016527	-0.0018672	0.0019674	0.0028877	-0.001932	-0.0018126
2.2545	-8.0492E-4	0.016493	-0.003901	-0.0069665	0.002802	0.010589	-7.8363E-6	-0.0035277	0.0023742	0.0032945	-9.7649E-4	-8.5712E-4
2.2533	0.0013197	0.018617	-0.0037161	-0.0067816	-0.0014903	0.0062966	-2.006E-4	-0.0037204	0.0014178	0.0023381	-0.0027718	-0.0026524
2.2522	-0.0033311	0.013966	-0.0033476	-0.0064131	-3.5641E-5	0.0077512	-0.0022659	-0.0057857	1.9915E-4	0.0011195	-0.0020555	-0.0019362
2.2511	-0.0043013	0.012996	-0.0065406	-0.0096062	-0.0039211	0.0038657	-0.0023806	-0.0059005	-0.0017505	-8.3014E-4	-0.0036411	-0.0035217
2.2499	-0.001324	0.015974	-0.004459	-0.0075245	-2.7676E-4	0.0075101	-0.0032533	-0.0067731	-0.0019808	-0.0010605	-9.7365E-4	-8.5428E-4
2.2488	-0.0019776	0.01532	-0.0029854	-0.0060509	-3.8088E-4	0.0074059	-0.0010389	-0.0045588	9.8045E-4	0.0019008	-0.0011188	-9.9941E-4
2.2476	0.0010782	0.018376	-0.0019661	-0.0050316	0.0030308	0.010818	0.0033633	-1.5653E-4	0.0017087	0.002629	-1.8836E-4	-6.8991E-5
2.2465	-0.0027535	0.014544	-0.0057847	-0.0088502	-0.0040678	0.003719	-0.001677	-0.0051968	5.9497E-4	0.0015153	-0.0044127	-0.0042934
2.2454	-0.0013686	0.015929	-0.0041451	-0.0072106	-0.0010132	0.0067736	-0.002626	-0.0061458	-6.6345E-4	2.5689E-4	-0.0011016	-9.8228E-4
2.2442	-0.0010031	0.016294	-0.0049376	-0.0080031	-0.0016813	0.0061055	-6.9532E-4	-0.0042152	-4.5144E-4	4.6891E-4	-0.0033135	-0.0031941
2.2431	-0.004845	0.012453	-0.0064421	-0.0095076	-0.005033	0.0027538	-0.0039482	-0.007468	-0.0022354	-0.001315	-0.0052794	-0.00516
2.242	-0.0063287	0.010969	-0.0056966	-0.0087621	-0.0056634	0.0021234	-0.0036302	-0.0071501	-0.0046093	-0.0036889	-0.0047356	-0.0046163
2.2409	-0.004436	0.012862	-0.0077151	-0.010781	-0.0043727	0.0034141	-0.0025887	-0.0061086	-0.0013681	-4.4773E-4	-0.0037099	-0.0035906
2.2397	-0.0063451	0.010952	-0.0039344	-0.0069999	-0.002103	0.0056839	-8.0874E-4	-0.0043286	4.2714E-4	0.0013475	-0.0039271	-0.0038077
2.2386	-0.0041014	0.013196	-0.0073322	-0.010398	-0.0050936	0.0026933	-0.0011352	-0.0046551	-7.3005E-4	1.903E-4	-0.0039687	-0.0038493
2.2375	-0.003924	0.013374	-0.0084991	-0.011565	-0.0046516	0.0031352	-0.0033205	-0.0068404	-0.0024544	-0.0015341	-0.005187	-0.0050676
2.2364	-0.0041685	0.013129	-0.0059048	-0.0089703	-0.0027988	0.004988	8.4511E-4	-0.0026747	-9.0919E-4	1.1156E-5	-9.7086E-4	-8.5149E-4
2.2352	-0.0048112	0.012486	-0.0021325	-0.005198	-0.0021602	0.0056266	-8.4589E-4	-0.0043657	1.9681E-4	0.0011172	-0.0036448	-0.0035254
2.2341	-0.0058035	0.011494	-0.0078372	-0.010903	-0.0043854	0.0034014	-8.576E-4	-0.0043774	2.1976E-4	0.0011401	-0.0027197	-0.0026003
2.233	-0.0027911	0.014506	-0.0052816	-0.0083471	4.2431E-4	0.0082111	0.0011707	-0.0023491	-3.7613E-4	5.4421E-4	-0.0035	-0.0033807
2.2319	-0.0024839	0.014814	-0.0051219	-0.0081874	-0.0036035	0.0041833	-0.0021095	-0.0056294	-0.0010103	-8.995E-5	-0.0012621	-0.0011427
2.2308	-0.0026613	0.014636	-0.0059435	-0.009009	-0.0049157	0.0028711	3.6484E-5	-0.0034834	-4.9313E-4	4.2722E-4	-0.0014848	-0.0013654
2.2296	-0.0019343	0.015363	-0.0048576	-0.0079231	-0.0016182	0.0061686	-0.0027009	-0.0062207	-1.8454E-4	7.358E-4	-0.0036216	-0.0035023
2.2285	-0.0052436	0.012054	-0.0066773	-0.0097428	-0.0033008	0.004486	-0.001246	-0.0047658	-0.0014348	-5.1448E-4	-0.0051948	-0.0050754
2.2274	-0.0048548	0.012443	-0.00548	-0.0085455	-0.0051555	0.0026314	-0.0011711	-0.004691	-0.0021571	-0.0012368	-0.0037487	-0.0036293
2.2263	-0.0010944	0.016203	-0.0031122	-0.0061777	-0.0041901	0.0035967	0.0027489	-7.7089E-4	-8.431E-4	7.7247E-5	-0.0024017	-0.0022824
2.2252	-0.0031639	0.014134	-0.0066835	-0.009749	-0.0035458	0.004241	-0.0025911	-0.0061109	7.1802E-5	9.9215E-4	-0.0028836	-0.0027642
2.2241	-0.0044995	0.012798	-0.0046835	-0.007749	-0.0030519	0.0047349	-6.0782E-4	-0.0041277	-7.9093E-4	1.2942E-4	0.0015372	0.0016566
2.223	-0.0091809	0.0081167	-0.0064698	-0.0095353	-0.0044905	0.0032964	-0.0040807	-0.0076005	-0.0039271	-0.0030067	-0.0044287	-0.0043093
2.2218	-0.0044466	0.012851	-0.0054232	-0.0084887	-0.0040127	0.0037742	-0.0017989	-0.0053187	-0.0024858	-0.0015655	-0.0045969	-0.0044776
2.2207	-0.0042272	0.01307	-0.0032434	-0.0063089	-0.0010423	0.0067446	0.001865	-0.0016549	0.0036266	0.004547	0.0019729	0.0020923
2.2196	-0.0047487	0.012549	-0.0055488	-0.0086143	-0.0060932	0.0016937	-6.6263E-5	-0.0035861	-9.4545E-4	-2.5107E-5	-0.0018776	-0.0017583
2.2185	-0.0075753	0.0097222	-0.0053666	-0.0084321	-0.0064157	0.0013712	1.2127E-4	-0.0033986	-0.0028346	-0.0019143	-0.0023965	-0.0022772
2.2174	-0.0050986	0.012199	-0.0030932	-0.0061587	-0.0028778	0.004909	5.4105E-4	-0.0029788	-6.9556E-4	2.2479E-4	-4.2153E-5	7.7218E-5
2.2163	-0.0083336	0.0089639	-0.010503	-0.013569	-0.0091207	-0.0013339	-0.0041348	-0.0076546	-0.0042983	-0.003378	-0.0068061	-0.0066867
2.2152	-0.0083549	0.0089426	-0.0084612	-0.011527	-0.0065098	0.001277	-0.0033303	-0.0068501	-0.0022641	-0.0013438	-0.0011821	-0.0010628
2.2141	-0.0051781	0.012119	-0.0035902	-0.0066557	-0.0023883	0.0053985	2.9123E-4	-0.0032286	-0.0016798	-7.5946E-4	-0.0016756	-0.0015562
2.213	-0.010329	0.0069681	-0.0087725	-0.011838	-0.0087374	-9.5061E-4	-0.0012743	-0.0047942	-0.0022647	-0.0013443	-0.002553	-0.0024336
2.2119	-0.0050786	0.012219	-0.0045652	-0.0076307	-0.003318	0.0044688	0.0028726	-6.4728E-4	-0.0020045	-0.0010842	-9.5743E-4	-8.3806E-4
2.2108	-0.0084824	0.0088152	-0.0078173	-0.010883	-0.0078927	-1.0588E-4	-0.001113	-0.0046329	-0.0023594	-0.001439	-0.0027776	-0.0026582
2.2097	-0.0083158	0.0089817	-0.0097694	-0.012835	-0.0089779	-0.0011911	-0.0033658	-0.0068856	-0.0040463	-0.003126	-0.005112	-0.0049927
2.2086	-0.0075019	0.0097957	-0.007125	-0.01019	-0.005404	0.0023829	-5.7293E-4	-0.0040928	-0.0013497	-4.2938E-4	-0.0039778	-0.0038585
2.2075	-0.01152	0.0057773	-0.0071372	-0.010203	-0.0080295	-2.4272E-4	-0.0038783	-0.0073981	-0.0032429	-0.0023226	-0.0043754	-0.004256
2.2064	-0.0095557	0.0077419	-0.0096605	-0.012726	-0.0072157	5.7113E-4	-7.5054E-4	-0.0042704	-9.3858E-4	-1.8231E-5	-0.0028326	-0.0027132
2.2054	-0.0092047	0.0080929	-0.0074314	-0.010497	-0.0067041	0.0010827	0.0022724	-0.0012475	-1.0585E-4	8.1449E-4	-0.0016857	-0.0015663
2.2043	-0.011889	0.0054085	-0.00836	-0.011425	-0.011055	-0.0032678	-0.0028656	-0.0063854	-0.0036607	-0.0027404	-0.0056669	-0.0055475
2.2032	-0.0072596	0.010038	-0.0055383	-0.0086038	-0.007226	5.6084E-4	0.0010513	-0.0024686	-7.9605E-4	1.2429E-4	-0.0024994	-0.00238
2.2021	-0.0099766	0.0073209	-0.0069735	-0.010039	-0.0083421	-5.5532E-4	-0.0010513	-0.0045711	-0.0053766	-0.0044563	-0.0028702	-0.0027508
2.201	-0.010003	0.0072947	-0.0066617	-0.0097272	-0.0085334	-7.466E-4	-0.0026131	-0.006133	-0.0035271	-0.0026068	-0.0012473	-0.001128
2.1999	-0.0058267	0.011471	-0.004669	-0.0077345	-0.006104	0.0016828	-9.8923E-4	-0.0045091	-0.0026686	-0.0017483	4.6706E-4	5.8643E-4
2.1988	-0.0075843	0.0097133	-0.0052471	-0.0083126	-0.0080263	-2.3945E-4	4.8925E-4	-0.0030306	-0.0018246	-9.0425E-4	-0.002202	-0.0020826
2.1977	-0.011583	0.0057148	-0.0099364	-0.013002	-0.0089058	-0.001119	-0.0014835	-0.0050033	-0.0056131	-0.0046927	-0.0054307	-0.0053114
2.1967	-0.011187	0.0061101	-0.0076459	-0.010711	-0.011096	-0.0033094	-0.0035327	-0.0070525	-0.0046204	-0.0037001	-0.0055595	-0.0054401
2.1956	-0.0087603	0.0085372	-0.0081934	-0.011259	-0.0069573	8.2952E-4	0.0019922	-0.0015276	-0.0025524	-0.001632	-0.0046091	-0.0044897
2.1945	-0.012287	0.0050109	-0.0068603	-0.0099258	-0.010633	-0.0028461	-0.0019351	-0.0054549	-0.0047847	-0.0038644	-0.0045204	-0.004401
2.1934	-0.010345	0.0069526	-0.011626	-0.014691	-0.011626	-0.0038392	-5.5712E-4	-0.004077	-0.0049023	-0.003982	-0.0049318	-0.0048124
2.1923	-0.011645	0.0056529	-0.0098056	-0.012871	-0.012174	-0.0043869	-0.0046553	-0.0081751	-0.0062508	-0.0053305	-0.0064531	-0.0063337
2.1913	-0.015051	0.0022463	-0.010912	-0.013977	-0.011261	-0.0034746	-6.8767E-4	-0.0042075	-0.0072849	-0.0063645	-0.0053774	-0.005258
2.1902	-0.011211	0.0060865	-0.0090127	-0.012078	-0.0082357	-4.4891E-4	-0.0028579	-0.0063778	-0.0033674	-0.0024471	-0.0041833	-0.0040639
2.1891	-0.013731	0.0035662	-0.0088795	-0.011945	-0.0095212	-0.0017344	-0.0026269	-0.0061468	-0.0064126	-0.0054923	-0.0036931	-0.0035737
2.188	-0.012517	0.0047806	-0.0091646	-0.01223	-0.011416	-0.003629	0.0012253	-0.0022945	-0.0032082	-0.0022879	-3.0988E-4	-1.9051E-4
2.187	-0.012523	0.0047743	-0.007054	-0.01012	-0.0097048	-0.0019179	8.7672E-4	-0.0026431	-0.0015159	-5.9556E-4	-0.0018178	-0.0016984
2.1859	-0.01331	0.0039872	-0.0089731	-0.012039	-0.012502	-0.0047148	-0.003106	-0.0066258	-0.005759	-0.0048386	-0.0042808	-0.0041614
2.1848	-0.0089601	0.0083374	-0.0044169	-0.0074824	-0.006736	0.0010508	0.0047822	0.0012624	4.4935E-4	0.0013697	0.0016264	0.0017458
2.1837	-0.012848	0.0044497	-0.0079115	-0.010977	-0.0088402	-0.0010533	8.0903E-4	-0.0027108	-0.0058108	-0.0048904	-8.9791E-4	-7.7854E-4
2.1827	-0.013189	0.0041082	-0.011773	-0.014839	-0.012162	-0.0043748	-0.0012138	-0.0047336	-0.0066456	-0.0057253	-0.0010714	-9.5208E-4
2.1816	-0.0076912	0.0096063	-0.0056256	-0.0086911	-0.0065692	0.0012176	0.0021555	-0.0013643	-7.548E-4	1.6555E-4	0.0026427	0.002762
2.1805	-0.01236	0.0049374	-0.0065857	-0.0096512	-0.011694	-0.0039074	0.0010994	-0.0024204	-0.0026345	-0.0017141	-0.0031706	-0.0030513
2.1795	-0.015545	0.0017529	-0.0089892	-0.012055	-0.013698	-0.0059111	-0.0012814	-0.0048012	-0.0045919	-0.0036716	-0.006487	-0.0063677
2.1784	-0.014184	0.0031138	-0.009788	-0.012854	-0.011297	-0.0035102	-0.0019627	-0.0054825	-0.0039929	-0.0030726	-0.0049229	-0.0048035
2.1773	-0.01445	0.0028471	-0.0094444	-0.01251	-0.014539	-0.0067522	-0.0027969	-0.0063167	-0.0061101	-0.0051898	-0.0046176	-0.0044982
2.1763	-0.015599	0.0016986	-0.010608	-0.013674	-0.01201	-0.0042234	-0.0014914	-0.0050112	-0.0062329	-0.0053125	-0.0034326	-0.0033132
2.1752	-0.0099497	0.0073478	-0.0017048	-0.0047703	-0.0068035	9.8335E-4	0.0076241	0.0041043	1.3973E-4	0.0010601	0.0012983	0.0014176
2.1742	-0.015902	0.0013957	-0.0097832	-0.012849	-0.013684	-0.0058974	-5.6789E-4	-0.0040877	-0.0038755	-0.0029552	-0.0027692	-0.0026499
2.1731	-0.014729	0.0025681	-0.0075937	-0.010659	-0.01212	-0.0043329	-0.0012645	-0.0047843	-0.0053305	-0.0044101	-6.8854E-4	-5.6917E-4
2.172	-0.010501	0.0067966	-0.0046074	-0.0076729	-0.005699	0.0020878	0.0052981	0.0017782	5.1579E-4	0.0014361	0.002309	0.0024284
2.171	-0.017294	3.349E-6	-0.011951	-0.015017	-0.011128	-0.0033416	-0.0024745	-0.0059944	-0.0068451	-0.0059247	-0.0062331	-0.0061137
2.1699	-0.012592	0.0047057	-0.0057292	-0.0087947	-0.01074	-0.0029535	-4.3863E-4	-0.0039585	-0.0035211	-0.0026008	-7.352E-4	-6.1582E-4
2.1689	-0.01542	0.0018773	-0.0096063	-0.012672	-0.013698	-0.0059116	-8.1653E-5	-0.0036015	-0.0081349	-0.0072146	-0.0044826	-0.0043632
2.1678	-0.020768	-0.0034704	-0.012036	-0.015101	-0.017032	-0.0092454	-0.0019466	-0.0054664	-0.0068008	-0.0058804	-0.005385	-0.0052656
2.1668	-0.013863	0.0034345	-0.010295	-0.01336	-0.013474	-0.0056874	-0.0011035	-0.0046234	-0.0050338	-0.0041135	-0.0024349	-0.0023155
2.1657	-0.015397	0.001901	-0.0086812	-0.011747	-0.011024	-0.0032368	0.0019832	-0.0015367	-0.0038122	-0.0028918	-4.4378E-4	-3.2441E-4
2.1647	-0.013278	0.0040197	-0.0065226	-0.0095881	-0.0094648	-0.0016779	0.0017164	-0.0018034	-0.0025387	-0.0016184	0.0010556	0.001175
2.1636	-0.013727	0.0035706	-0.010215	-0.013281	-0.011139	-0.0033522	0.0018747	-0.0016451	-0.0034672	-0.0025469	-0.0014233	-0.001304
2.1626	-0.017529	-2.3192E-4	-0.01185	-0.014915	-0.012682	-0.0048957	-0.0034043	-0.0069242	-0.0059197	-0.0049993	-0.0042904	-0.0041711
2.1615	-0.017634	-3.3661E-4	-0.0086552	-0.011721	-0.012288	-0.0045015	-3.2482E-4	-0.0038447	-0.0044379	-0.0035176	-0.0025062	-0.0023868
2.1605	-0.018041	-7.4327E-4	-0.010112	-0.013177	-0.011128	-0.0033414	0.0019778	-0.0015421	-0.0046259	-0.0037055	-0.0026037	-0.0024843
2.1594	-0.015824	0.0014737	-0.0083705	-0.011436	-0.0097606	-0.0019737	0.0013635	-0.0021564	-0.0047573	-0.003837	-0.0022302	-0.0021108
2.1584	-0.017064	2.3337E-4	-0.0078807	-0.010946	-0.010658	-0.0028708	4.1994E-4	-0.0030999	-0.0035931	-0.0026728	0.0012819	0.0014012
2.1573	-0.013766	0.0035311	-0.0065399	-0.0096054	-0.0084081	-6.2126E-4	0.0015734	-0.0019464	-0.0040858	-0.0031654	2.9002E-4	4.0939E-4
2.1563	-0.01652	7.7716E-4	-0.01007	-0.013136	-0.011899	-0.0041124	-5.0194E-4	-0.0040218	-0.0059292	-0.0050089	-0.0026043	-0.0024849
2.1552	-0.021166	-0.0038683	-0.014182	-0.017247	-0.015393	-0.0076064	-0.00292	-0.0064399	-0.008889	-0.0079687	-0.0035727	-0.0034533
2.1542	-0.016528	7.6955E-4	-0.0072387	-0.010304	-0.009843	-0.0020561	0.0054656	0.0019457	-0.0024444	-0.001524	2.2108E-4	3.4045E-4
2.1532	-0.016031	0.001267	-0.0096341	-0.0127	-0.013417	-0.0056305	6.8222E-4	-0.0028376	-0.0069142	-0.0059939	-0.003743	-0.0036236
2.1521	-0.018297	-9.995E-4	-0.010951	-0.014016	-0.014254	-0.0064674	-1.2112E-4	-0.003641	-0.0052469	-0.0043266	-0.0070527	-0.0069333
2.1511	-0.015116	0.002182	-0.0094321	-0.012498	-0.011224	-0.0034367	-4.3573E-4	-0.0039556	-0.0031879	-0.0022676	-6.287E-4	-5.0933E-4
2.1501	-0.017651	-3.5339E-4	-0.010642	-0.013708	-0.013449	-0.0056622	-0.0011079	-0.0046277	-0.0083173	-0.0073969	-0.0032698	-0.0031505
2.149	-0.017342	-4.4201E-5	-0.0086118	-0.011677	-0.014082	-0.006295	-1.6755E-4	-0.0036874	-0.0045714	-0.003651	0.001211	0.0013303
2.148	-0.013831	0.0034666	-0.0053459	-0.0084114	-0.010636	-0.0028494	0.0055893	0.0020695	-1.4404E-4	7.7631E-4	-1.7091E-4	-5.1539E-5
2.1469	-0.021185	-0.0038871	-0.010343	-0.013409	-0.017389	-0.009602	-0.0078319	-0.011352	-0.010829	-0.0099088	-0.0059356	-0.0058162
2.1459	-0.014607	0.0026902	-0.0057047	-0.0087702	-0.01128	-0.0034933	8.7656E-4	-0.0026433	-0.005315	-0.0043946	-8.2977E-4	-7.104E-4
2.1449	-0.01779	-4.9237E-4	-0.0096642	-0.01273	-0.015276	-0.0074894	8.9309E-6	-0.0035109	-0.0083685	-0.0074481	-0.0047512	-0.0046318
2.1439	-0.017224	7.3914E-5	-0.011535	-0.014601	-0.014441	-0.0066539	-0.0018991	-0.005419	-0.006156	-0.0052356	-0.004563	-0.0044436
2.1428	-0.012609	0.0046888	-0.0084667	-0.011532	-0.011479	-0.003692	8.666E-4	-0.0026532	-0.0035791	-0.0026588	-8.8356E-4	-7.6419E-4
2.1418	-0.01538	0.0019174	-0.0049546	-0.0080201	-0.014327	-0.0065403	-4.4285E-4	-0.0039627	-0.0076692	-0.0067488	-0.0031077	-0.0029884
2.1408	-0.02	-0.0027022	-0.010921	-0.013987	-0.014631	-0.0068446	-7.8974E-4	-0.0043096	-0.0073924	-0.0064721	-0.0068661	-0.0067467
2.1397	-0.015785	0.0015128	-0.0056909	-0.0087564	-0.010743	-0.0029559	-0.0011537	-0.0046736	-0.0045444	-0.0036241	-0.0014959	-0.0013765
2.1387	-0.015915	0.0013829	-0.0082903	-0.011356	-0.014671	-0.0068845	-0.0015073	-0.0050271	-0.0071142	-0.0061939	-0.003408	-0.0032886
2.1377	-0.018798	-0.0015007	-0.0087	-0.011765	-0.012885	-0.0050979	0.0017381	-0.0017817	-0.0032124	-0.0022921	-2.9215E-4	-1.7278E-4
2.1367	-0.017383	-8.514E-5	-0.0097645	-0.01283	-0.014853	-0.0070663	0.001442	-0.0020778	-0.0088914	-0.0079711	-0.0024668	-0.0023474
2.1356	-0.016455	8.4233E-4	-0.0082267	-0.011292	-0.0076972	8.964E-5	0.0015202	-0.0019997	-0.0034357	-0.0025154	3.4659E-5	1.5403E-4
2.1346	-0.017755	-4.5795E-4	-0.0080548	-0.01112	-0.011922	-0.0041354	5.8779E-4	-0.0029321	-0.0030695	-0.0021492	0.0016787	0.0017981
2.1336	-0.012796	0.0045017	-0.0056775	-0.008743	-0.0094087	-0.0016218	0.0061058	0.002586	-9.588E-4	-3.8455E-5	0.0052245	0.0053439
2.1326	-0.016491	8.0686E-4	-0.0049214	-0.0079869	-0.01257	-0.0047836	0.0045107	9.9082E-4	-0.0020906	-0.0011703	-9.8688E-4	-8.6751E-4
2.1316	-0.021623	-0.0043253	-0.011114	-0.014179	-0.012099	-0.0043119	-0.0034593	-0.0069792	-0.0064284	-0.005508	-0.0025302	-0.0024108
2.1305	-0.015108	0.0021899	-0.0083227	-0.011388	-0.0091882	-0.0014014	0.0046702	0.0011504	1.6109E-4	0.0010814	0.0032533	0.0033727
2.1295	-0.019212	-0.0019148	-0.0086298	-0.011695	-0.011918	-0.004131	0.0015867	-0.0019331	-0.0073028	-0.0063824	-0.0023995	-0.0022801
2.1285	-0.019905	-0.0026075	-0.0131	-0.016165	-0.010123	-0.0023366	-0.0017872	-0.005307	-0.0043245	-0.0034041	-3.0121E-4	-1.8184E-4
2.1275	-0.016897	4.0058E-4	-0.0072107	-0.010276	-0.0079379	-1.5113E-4	0.0041624	6.4253E-4	-0.0022764	-0.0013561	0.0041688	0.0042882
2.1265	-0.021236	-0.0039388	-0.010661	-0.013727	-0.013724	-0.0059375	4.4925E-4	-0.0030706	-0.0046502	-0.0037298	-7.227E-4	-6.0332E-4
2.1255	-0.018198	-9.0044E-4	-0.0027457	-0.0058112	-0.0083291	-5.4224E-4	0.0023631	-0.0011567	-0.0021542	-0.0012339	0.0033935	0.0035129
2.1245	-0.018613	-0.0013157	-0.0053561	-0.0084216	-0.010078	-0.002291	0.0020031	-0.0015168	-4.675E-4	4.5284E-4	0.0021925	0.0023119
2.1235	-0.019237	-0.0019398	-0.006897	-0.0099625	-0.0099419	-0.0021551	0.0019137	-0.0016061	-0.0056865	-0.0047661	9.6956E-4	0.0010889
2.1224	-0.018917	-0.0016193	-0.0074286	-0.010494	-0.011433	-0.0036464	3.7254E-4	-0.0031473	-0.0038981	-0.0029777	-2.4909E-4	-1.2971E-4
2.1214	-0.014911	0.0023867	-0.008061	-0.011127	-0.0083908	-6.0403E-4	0.0040103	4.9048E-4	-0.003759	-0.0028387	0.0039108	0.0040302
2.1204	-0.02072	-0.0034223	-0.0070695	-0.010135	-0.012106	-0.004319	-9.1318E-4	-0.004433	-0.0064815	-0.0055611	-0.0024072	-0.0022879
2.1194	-0.01437	0.0029274	-0.0058989	-0.0089644	-0.0062174	0.0015695	0.003603	8.3155E-5	2.4451E-5	9.448E-4	0.003261	0.0033804
2.1184	-0.016385	9.1247E-4	-0.0054549	-0.0085204	-0.0088704	-0.0010836	0.0040362	5.1636E-4	-4.8998E-4	4.3036E-4	0.0028405	0.0029598
2.1174	-0.019252	-0.0019545	-0.0068488	-0.0099143	-0.011839	-0.0040526	9.6511E-4	-0.0025547	-0.0021474	-0.0012271	-5.8874E-4	-4.6937E-4
2.1164	-0.014099	0.0031982	-0.0065916	-0.0096571	-0.0087034	-9.1661E-4	0.0048325	0.0013127	2.2398E-4	0.0011443	0.0040009	0.0041203
2.1154	-0.014363	0.0029346	-0.0048548	-0.0079203	-0.0084434	-6.5661E-4	0.0040259	5.0603E-4	-0.0016105	-6.9019E-4	0.0031467	0.0032661
2.1144	-0.014487	0.0028106	-0.0038464	-0.006912	-0.0072981	4.8874E-4	0.0064669	0.002947	0.002479	0.0033994	0.0044873	0.0046067
2.1134	-0.02088	-0.0035829	-0.0075107	-0.010576	-0.01376	-0.0059733	-4.5597E-4	-0.0039758	-0.0058048	-0.0048844	-0.0034025	-0.0032832
2.1124	-0.011954	0.0053437	-0.0050655	-0.0081311	-0.0090775	-0.0012907	0.0040282	5.0839E-4	0.0019353	0.0028557	0.0012898	0.0014092
2.1114	-0.018642	-0.0013443	-0.0068864	-0.0099519	-0.0088324	-0.0010456	0.0031441	-3.7569E-4	-0.0039956	-0.0030752	0.0025276	0.002647
2.1104	-0.017179	1.1871E-4	-0.0075444	-0.01061	-0.00938	-0.0015932	0.0039901	4.7025E-4	7.5543E-4	0.0016758	0.001072	0.0011914
2.1094	-0.018219	-9.21E-4	-0.0029399	-0.0060054	-0.0075828	2.0403E-4	0.0026285	-8.9136E-4	-0.0012109	-2.9059E-4	0.0025259	0.0026452
2.1084	-0.01449	0.0028074	-0.0046876	-0.0077531	-0.011614	-0.0038271	0.0050267	0.0015068	-0.0025033	-0.001583	-2.9413E-5	8.9957E-5
2.1074	-0.017901	-6.0347E-4	-0.0058901	-0.0089556	-0.0055537	0.0022331	0.0067224	0.0032025	-5.619E-4	3.5845E-4	0.0032572	0.0033766
2.1064	-0.01543	0.0018674	-0.0023842	-0.0054497	-0.0058926	0.0018942	0.0062999	0.0027801	0.0027145	0.0036348	0.0048094	0.0049287
2.1054	-0.019029	-0.0017315	-0.0049359	-0.0080014	-0.010066	-0.002279	6.9189E-5	-0.0034506	-0.0023596	-0.0014393	0.0023905	0.0025099
2.1044	-0.016217	0.0010802	-0.0043861	-0.0074516	-0.010306	-0.0025194	0.0058663	0.0023465	5.0735E-5	9.7108E-4	0.0044918	0.0046111
2.1034	-0.013258	0.0040395	-0.0024095	-0.005475	-0.0062907	0.0014961	0.006911	0.0033912	-6.4879E-4	2.7156E-4	0.0034606	0.00358
2.1025	-0.01955	-0.0022524	-0.0026566	-0.0057221	-0.011706	-0.0039195	7.0706E-4	-0.0028128	-0.0041222	-0.0032018	-0.0028358	-0.0027164
2.1015	-0.015741	0.0015568	-0.0044185	-0.007484	-0.0080367	-2.4985E-4	0.0028555	-6.6429E-4	-7.9539E-4	1.2496E-4	0.0014575	0.0015769
2.1005	-0.01697	3.2794E-4	-0.0025382	-0.0056037	-0.010776	-0.0029892	0.0014681	-0.0020517	-0.0032523	-0.002332	-0.0033014	-0.003182
2.0995	-0.014449	0.0028482	-0.0030974	-0.0061629	-0.010354	-0.002567	0.0036731	1.5331E-4	-0.0014875	-5.6713E-4	0.0010274	0.0011467
2.0985	-0.020756	-0.0034589	-0.0062773	-0.0093428	-0.013795	-0.0060081	2.0544E-4	-0.0033144	-0.0039042	-0.0029839	-0.0015925	-0.0014731
2.0975	-0.013827	0.0034702	-0.0031272	-0.0061927	-0.011144	-0.0033571	0.0036783	1.585E-4	-0.0014252	-5.0484E-4	0.0010171	0.0011365
2.0965	-0.013594	0.0037033	-0.0020668	-0.0051323	-0.0077006	8.6221E-5	0.0022269	-0.0012929	0.0012834	0.0022038	0.0011492	0.0012685
2.0956	-0.018449	-0.0011517	-0.0050983	-0.0081638	-0.011614	-0.0038269	-4.5064E-4	-0.0039705	-0.0040866	-0.0031663	0.001001	0.0011204
2.0946	-0.016932	3.6535E-4	-0.0062464	-0.0093119	-0.011911	-0.0041244	0.0023388	-0.0011811	-0.0040541	-0.0031338	-4.2251E-4	-3.0314E-4
2.0936	-0.016695	6.0205E-4	-0.0045576	-0.0076231	-0.0079226	-1.3576E-4	0.0039284	4.0857E-4	-8.3976E-4	8.0585E-5	0.0015281	0.0016474
2.0926	-0.018289	-9.9121E-4	-0.0047966	-0.0078621	-0.012314	-0.0045272	-6.983E-4	-0.0042181	-0.0041872	-0.0032669	-0.0012488	-0.0011294
2.0916	-0.013547	0.0037502	-9.3305E-4	-0.0039986	-0.0089818	-0.001195	0.0031062	-4.1362E-4	0.0012508	0.0021711	0.0032064	0.0033258
2.0907	-0.019637	-0.0023392	-0.0052912	-0.0083567	-0.011153	-0.0033661	0.0019701	-0.0015498	-0.0058659	-0.0049456	-0.0023671	-0.0022477
2.0897	-0.022827	-0.0055298	-0.0076116	-0.010677	-0.015603	-0.0078166	-0.0019191	-0.005439	-0.0066851	-0.0057648	-0.0036762	-0.0035568
2.0887	-0.015859	0.0014389	-0.0036887	-0.0067542	-0.011541	-0.0037545	0.0026319	-8.8797E-4	-0.0027687	-0.0018484	0.0013492	0.0014686
2.0877	-0.022018	-0.0047201	-0.0068977	-0.0099632	-0.0134	-0.0056129	-7.6488E-4	-0.0042847	-0.0041719	-0.0032515	-0.0037198	-0.0036005
2.0867	-0.022501	-0.0052031	-0.0074204	-0.010486	-0.014073	-0.0062859	-0.0011057	-0.0046255	-0.0074337	-0.0065134	-0.0055955	-0.0054761
2.0858	-0.014333	0.0029642	-7.2428E-4	-0.0037898	-0.0095196	-0.0017328	0.0028468	-6.7301E-4	-0.0022627	-0.0013424	0.0033572	0.0034766
2.0848	-0.019106	-0.0018085	-0.0085984	-0.011664	-0.011036	-0.0032493	-0.0021521	-0.0056719	-0.0092515	-0.0083311	-0.0026765	-0.0025571
2.0838	-0.019067	-0.0017699	-0.0075673	-0.010633	-0.011647	-0.0038603	1.8744E-4	-0.0033324	-0.0019051	-9.8479E-4	-0.0037188	-0.0035994
2.0829	-0.018285	-9.8731E-4	-0.0032648	-0.0063303	-0.010223	-0.0024364	9.0021E-4	-0.0026196	-0.0041439	-0.0032236	6.3613E-4	7.555E-4
2.0819	-0.014091	0.0032065	-0.0020326	-0.0050981	-0.011225	-0.003438	0.0036311	1.1129E-4	-0.0024972	-0.0015768	5.7049E-4	6.8986E-4
2.0809	-0.020663	-0.0033654	-0.0036132	-0.0066787	-0.012672	-0.004885	-0.0019929	-0.0055128	-0.0069735	-0.0060532	-0.003999	-0.0038796
2.0799	-0.020852	-0.0035546	-0.0076103	-0.010676	-0.014827	-0.0070401	-0.0043439	-0.0078638	-0.0088939	-0.0079735	-0.0065827	-0.0064633
2.079	-0.01817	-8.7282E-4	-0.0060952	-0.0091607	-0.012747	-0.0049602	-9.4951E-4	-0.0044693	-0.0052315	-0.0043112	-0.0012674	-0.001148
2.078	-0.021646	-0.0043483	-0.0019432	-0.0050087	-0.012712	-0.0049254	-1.4802E-4	-0.0036679	-0.007023	-0.0061026	-0.0032562	-0.0031368
2.077	-0.02047	-0.0031728	-0.0065335	-0.009599	-0.013761	-0.0059743	-0.0013237	-0.0048435	-0.0036565	-0.0027362	-0.0031409	-0.0030215
2.0761	-0.018439	-0.0011414	-0.0014565	-0.0045221	-0.013245	-0.0054581	7.576E-4	-0.0027622	-0.0024711	-0.0015508	-0.0050116	-0.0048922
2.0751	-0.016675	6.226E-4	-4.0743E-4	-0.0034729	-0.011505	-0.003718	-8.2873E-5	-0.0036027	-0.0047496	-0.0038293	-0.0037059	-0.0035865
2.0742	-0.017929	-6.31E-4	-0.0036163	-0.0066818	-0.012648	-0.0048609	-5.8679E-5	-0.0035785	-0.0066604	-0.00574	-0.0031525	-0.0030331
2.0732	-0.014446	0.0028513	-0.0017298	-0.0047953	-0.010901	-0.0031141	0.0026762	-8.4365E-4	-0.0020548	-0.0011345	-0.0043728	-0.0042535
2.0722	-0.022679	-0.0053817	-0.0073634	-0.010429	-0.015141	-0.0073545	-0.0048295	-0.0083494	-0.0098419	-0.0089215	-0.0068719	-0.0067526
2.0713	-0.023559	-0.006261	-0.0073127	-0.010378	-0.01492	-0.0071336	-0.002138	-0.0056578	-0.0078674	-0.0069471	-0.007021	-0.0069016
2.0703	-0.017297	1.7475E-7	-0.0045099	-0.0075754	-0.011294	-0.0035075	-7.4165E-4	-0.0042615	-0.0035698	-0.0026495	-9.9088E-4	-8.7151E-4
2.0694	-0.020977	-0.003679	-0.006259	-0.0093245	-0.017939	-0.010152	-0.0050869	-0.0086068	-0.01084	-0.0099192	-0.007192	-0.0070726
2.0684	-0.021923	-0.004625	-0.0080951	-0.011161	-0.01477	-0.006983	-0.0016787	-0.0051985	-0.0077813	-0.0068609	-0.0074905	-0.0073711
2.0674	-0.016937	3.6027E-4	-0.0024354	-0.0055009	-0.014033	-0.0062461	-4.1388E-4	-0.0039337	-0.0053127	-0.0043923	-0.0042111	-0.0040917
2.0665	-0.017067	2.3089E-4	-0.006586	-0.0096515	-0.016199	-0.0084118	-0.0033477	-0.0068675	-0.0051618	-0.0042414	-0.0038004	-0.003681
2.0655	-0.02167	-0.0043726	-0.0066162	-0.0096817	-0.014731	-0.0069446	-8.5978E-4	-0.0043796	-0.0080416	-0.0071212	-0.0044543	-0.004335
2.0646	-0.018621	-0.0013231	-0.005246	-0.0083115	-0.01121	-0.0034232	-0.0013455	-0.0048653	-0.0079583	-0.0070379	-0.0057791	-0.0056597
2.0636	-0.016326	9.7129E-4	-0.0032031	-0.0062686	-0.010731	-0.0029446	0.0049305	0.0014107	-0.0038436	-0.0029233	9.3927E-5	2.133E-4
2.0627	-0.023458	-0.0061609	-0.0067995	-0.009865	-0.016691	-0.0089046	-0.0027698	-0.0062897	-0.0059907	-0.0050704	-0.003592	-0.0034726
2.0617	-0.0183	-0.0010029	-0.0033524	-0.0064179	-0.01351	-0.0057236	-0.0015909	-0.0051107	-0.008292	-0.0073717	-0.0033447	-0.0032253
2.0608	-0.017908	-6.1013E-4	-0.0033851	-0.0064506	-0.011787	-0.0040001	-0.0039384	-0.0074582	-0.0057027	-0.0047824	-0.0033439	-0.0032245
2.0598	-0.023254	-0.0059569	-0.0081107	-0.011176	-0.017283	-0.0094961	-0.0046234	-0.0081433	-0.010825	-0.0099048	-0.0084957	-0.0083763
2.0589	-0.017341	-4.3641E-5	-0.0031048	-0.0061703	-0.010475	-0.0026885	-9.9501E-5	-0.0036193	-0.0063016	-0.0053813	-0.0031632	-0.0030438
2.0579	-0.016769	5.2809E-4	-0.0032467	-0.0063122	-0.010819	-0.0030326	-0.0010811	-0.0046009	-0.0065807	-0.0056603	-0.0073722	-0.0072528
2.057	-0.022018	-0.0047201	-0.0059255	-0.008991	-0.016419	-0.008632	-0.0046371	-0.008157	-0.014	-0.01308	-0.0062061	-0.0060868
2.056	-0.019736	-0.002438	-0.0037854	-0.0068509	-0.013193	-0.005406	-0.0015985	-0.0051183	-0.0064617	-0.0055413	-0.006003	-0.0058836
2.0551	-0.017253	4.4531E-5	-0.0032609	-0.0063264	-0.0094937	-0.0017068	0.0026234	-8.9645E-4	-0.0061984	-0.0052781	-0.0040953	-0.003976
2.0541	-0.022786	-0.0054889	-0.0081464	-0.011212	-0.018139	-0.010352	-0.0067728	-0.010293	-0.011604	-0.010683	-0.010209	-0.01009
2.0532	-0.018927	-0.0016292	-0.0061348	-0.0092003	-0.011693	-0.0039063	-0.0013366	-0.0048564	-0.0078127	-0.0068924	-0.0028527	-0.0027334
2.0523	-0.012969	0.0043286	-6.4699E-4	-0.0037125	-0.0096219	-0.0018351	-0.0021533	-0.0056732	-0.0082038	-0.0072835	-0.0024069	-0.0022875
2.0513	-0.025444	-0.0081463	-0.0087675	-0.011833	-0.016209	-0.008422	-0.0077587	-0.011279	-0.0094741	-0.0085537	-0.0095465	-0.0094271
2.0504	-0.019639	-0.0023418	-0.0065654	-0.009631	-0.013794	-0.0060071	-1.2592E-4	-0.0036458	-0.0077743	-0.0068539	-0.0040089	-0.0038895
2.0494	-0.016464	8.3322E-4	-0.0041464	-0.0072119	-0.011733	-0.0039465	-0.0027171	-0.006237	-0.0082694	-0.007349	-0.0051351	-0.0050157
2.0485	-0.021673	-0.0043751	-0.0081684	-0.011234	-0.015552	-0.0077648	-0.0061369	-0.0096567	-0.01157	-0.010649	-0.0084864	-0.008367
2.0476	-0.01941	-0.0021121	-0.0049597	-0.0080252	-0.015508	-0.0077217	-0.0035029	-0.0070228	-0.010606	-0.0096854	-0.0069986	-0.0068792
2.0466	-0.01832	-0.0010222	-0.0045722	-0.0076377	-0.01336	-0.0055734	-7.7672E-4	-0.0042966	-0.008488	-0.0075676	-0.0071025	-0.0069831
2.0457	-0.021453	-0.004155	-0.0069789	-0.010044	-0.016984	-0.0091967	-0.0093458	-0.012866	-0.010497	-0.0095768	-0.011988	-0.011868
2.0448	-0.02055	-0.0032528	-0.004812	-0.0078775	-0.01367	-0.0058827	-0.0050751	-0.0085949	-0.010944	-0.010023	-0.0061231	-0.0060038
2.0438	-0.019692	-0.0023948	-0.0064425	-0.009508	-0.015751	-0.0079647	-0.0028739	-0.0063937	-0.0082364	-0.0073161	-0.0090786	-0.0089592
2.0429	-0.017876	-5.7862E-4	-0.0025789	-0.0056444	-0.01503	-0.0072431	-0.0022328	-0.0057527	-0.0078967	-0.0069764	-0.006096	-0.0059767
2.042	-0.019361	-0.0020637	-0.002959	-0.0060245	-0.014488	-0.0067007	-0.0054637	-0.0089835	-0.010228	-0.0093081	-0.006973	-0.0068536
2.041	-0.022687	-0.0053892	-0.0051598	-0.0082253	-0.015037	-0.0072499	-0.0045917	-0.0081115	-0.013434	-0.012514	-0.0089878	-0.0088684
2.0401	-0.017005	2.9222E-4	-0.0011658	-0.0042313	-0.011396	-0.0036095	-6.7155E-4	-0.0041914	-0.0091433	-0.0082229	-0.0059915	-0.0058722
2.0392	-0.023249	-0.0059515	-0.0083744	-0.01144	-0.017666	-0.0098794	-0.0063083	-0.0098282	-0.013614	-0.012694	-0.012546	-0.012427
2.0382	-0.020685	-0.0033879	-0.005874	-0.0089395	-0.012302	-0.004515	-0.0024584	-0.0059782	-0.005839	-0.0049186	-0.0060945	-0.0059751
2.0373	-0.014607	0.0026903	-2.1852E-4	-0.003284	-0.010905	-0.0031183	-0.0025466	-0.0060665	-0.0056186	-0.0046982	-0.0047009	-0.0045815
2.0364	-0.016907	3.9045E-4	-0.0020373	-0.0051028	-0.010426	-0.0026396	8.2087E-4	-0.002699	-0.0077433	-0.0068229	-0.0063651	-0.0062457
2.0355	-0.019675	-0.0023773	-0.0050994	-0.0081649	-0.011044	-0.0032573	-0.0023112	-0.005831	-0.0073885	-0.0064681	-0.0058659	-0.0057465
2.0345	-0.016857	4.41E-4	-0.0028977	-0.0059632	-0.01455	-0.0067628	-0.0031739	-0.0066937	-0.007523	-0.0066026	-0.0058187	-0.0056993
2.0336	-0.01635	9.4799E-4	-0.0031214	-0.0061869	-0.013808	-0.0060211	-0.0030196	-0.0065395	-0.01248	-0.01156	-0.0068198	-0.0067004
2.0327	-0.021364	-0.0040666	-0.0041175	-0.007183	-0.01267	-0.0048831	-0.0034092	-0.006929	-0.0084299	-0.0075096	-0.0051325	-0.0050131
2.0318	-0.018157	-8.5969E-4	6.3143E-4	-0.0024341	-0.010026	-0.0022387	-0.0023945	-0.0059143	-0.0065043	-0.005584	-0.006233	-0.0061137
2.0308	-0.020026	-0.002728	-0.001468	-0.0045335	-0.012444	-0.0046569	-0.0011509	-0.0046708	-0.01185	-0.010929	-0.007406	-0.0072866
2.0299	-0.021802	-0.0045046	-0.003781	-0.0068465	-0.015357	-0.0075699	-0.0016896	-0.0052094	-0.0083885	-0.0074682	-0.0097245	-0.0096051
2.029	-0.016981	3.1619E-4	0.0019726	-0.0010929	-0.0090055	-0.0012186	6.4511E-4	-0.0028747	-0.0043736	-0.0034532	-0.0031241	-0.0030048
2.0281	-0.020459	-0.0031612	-0.0020251	-0.0050906	-0.011682	-0.0038952	-0.001394	-0.0049138	-0.0087668	-0.0078465	-0.0084922	-0.0083728
2.0272	-0.020466	-0.003168	-0.003964	-0.0070295	-0.011385	-0.0035979	1.2745E-4	-0.0033924	-0.0086515	-0.0077312	-0.0072395	-0.0071202
2.0262	-0.018835	-0.0015378	-0.0053797	-0.0084453	-0.010865	-0.0030783	-0.0026204	-0.0061402	-0.0089351	-0.0080147	-0.0053466	-0.0052273
2.0253	-0.019391	-0.0020935	-0.0023261	-0.0053916	-0.0088984	-0.0011116	-0.0015061	-0.005026	-0.0045417	-0.0036213	-0.0070141	-0.0068947
2.0244	-0.020135	-0.0028376	-0.0027542	-0.0058197	-0.013915	-0.0061278	-0.002527	-0.0060469	-0.0084123	-0.007492	-0.0083427	-0.0082234
2.0235	-0.019753	-0.0024556	-0.0016169	-0.0046824	-0.0092572	-0.0014704	0.0052303	0.0017104	-0.0046925	-0.0037721	-0.0027772	-0.0026578
2.0226	-0.016057	0.0012405	-0.0018352	-0.0049007	-0.008581	-7.9414E-4	0.006306	0.0027862	-0.0036966	-0.0027762	-0.003903	-0.0037836
2.0217	-0.019922	-0.0026246	-0.0057881	-0.0088536	-0.009948	-0.0021612	-3.4167E-4	-0.0038615	-0.0047788	-0.0038585	-0.0049061	-0.0047867
2.0208	-0.018788	-0.0014903	-0.0045161	-0.0075816	-0.01279	-0.0050034	-0.0014109	-0.0049307	-0.0081745	-0.0072542	-0.006087	-0.0059676
2.0198	-0.015971	0.001327	-0.0043959	-0.0074614	-0.010087	-0.0023005	0.001529	-0.0019908	-0.0044715	-0.0035511	-0.0046275	-0.0045081
2.0189	-0.017226	7.1192E-5	9.6962E-4	-0.0020959	-0.0067056	0.0010812	0.0045618	0.0010419	-8.0271E-4	1.1763E-4	-8.2785E-5	3.6585E-5
2.018	-0.021138	-0.0038407	-0.0014007	-0.0044662	-0.013198	-0.0054115	0.0013416	-0.0021783	-0.0033241	-0.0024038	-0.0013162	-0.0011968
2.0171	-0.021603	-0.004306	-0.003825	-0.0068905	-0.0081218	-3.35E-4	0.0031077	-4.1215E-4	-0.0020835	-0.0011632	-0.0036979	-0.0035785
2.0162	-0.017789	-4.9188E-4	-0.0010342	-0.0040997	-0.0096538	-0.0018669	0.0057603	0.0022404	-0.0022769	-0.0013566	-0.0021804	-0.002061
2.0153	-0.020837	-0.0035394	-0.0039231	-0.0069886	-0.012136	-0.0043492	6.6219E-5	-0.0034536	-0.0043522	-0.0034319	-0.005962	-0.0058426
2.0144	-0.020839	-0.0035417	-2.0401E-4	-0.0032695	-0.0081665	-3.7971E-4	0.0049205	0.0014006	0.0021082	0.0030285	-0.0011378	-0.0010184
2.0135	-0.017688	-3.9065E-4	0.0018212	-0.0012443	-0.0073709	4.159E-4	0.0078452	0.0043253	0.0022651	0.0031854	-6.3747E-4	-5.181E-4
2.0126	-0.019446	-0.0021483	1.9158E-4	-0.0028739	-0.0096427	-0.0018558	0.006314	0.0027941	-2.231E-4	6.9724E-4	-0.0012473	-0.0011279
2.0117	-0.020418	-0.0031209	-1.0293E-4	-0.0031684	-0.010769	-0.0029818	0.0044896	9.6976E-4	-0.0012901	-3.6977E-4	-0.0026147	-0.0024953
2.0108	-0.014829	0.002469	0.0024361	-6.2936E-4	-0.0061008	0.001686	0.0081616	0.0046417	0.0011763	0.0020967	0.0043	0.0044194
2.0099	-0.017588	-2.9044E-4	-5.676E-5	-0.0031223	-0.0075475	2.393E-4	0.0083821	0.0048623	0.0025951	0.0035154	0.0012773	0.0013967
2.009	-0.019416	-0.0021187	1.9341E-4	-0.0028721	-0.008913	-0.0011262	0.0067501	0.0032302	0.0035517	0.004472	-0.0012221	-0.0011027
2.0081	-0.014118	0.0031799	0.00361	5.4445E-4	-0.0067384	0.0010484	0.0087604	0.0052406	0.0034397	0.00436	0.002534	0.0026534
2.0072	-0.019475	-0.002177	-1.8703E-4	-0.0032525	-0.011215	-0.0034283	0.003342	-1.7783E-4	-4.6357E-4	4.5677E-4	-0.0034417	-0.0033223
2.0063	-0.019258	-0.0019608	-2.9607E-4	-0.0033616	-0.01221	-0.004423	0.0035433	2.342E-5	0.0012755	0.0021959	-0.0041309	-0.0040115
2.0054	-0.013236	0.0040616	0.0041943	0.0011288	-0.0079246	-1.3783E-4	0.0067524	0.0032326	0.0048978	0.0058181	0.0023042	0.0024236
2.0045	-0.016286	0.0010117	8.9367E-4	-0.0021718	-0.011358	-0.0035708	0.0048989	0.0013791	5.4261E-4	0.001463	-5.2356E-5	6.7014E-5
2.0036	-0.015373	0.0019246	0.00246	-6.0549E-4	-0.0093081	-0.0015213	0.0060088	0.0024889	0.0019938	0.0029142	-0.0024956	-0.0023763
2.0027	-0.017844	-5.4602E-4	-0.0022985	-0.005364	-0.014537	-0.0067499	-2.3374E-4	-0.0037536	-0.0033214	-0.002401	-0.0064342	-0.0063149
2.0018	-0.015171	0.0021263	8.1457E-4	-0.0022509	-0.011687	-0.0038998	3.4021E-4	-0.0031796	-0.0046046	-0.0036842	-0.0086537	-0.0085343
2.0009	-0.019272	-0.0019743	-3.2553E-4	-0.003391	-0.019392	-0.011605	-0.0066861	-0.010206	-0.0069356	-0.0060152	-0.012641	-0.012522
2	-0.018666	-0.0013689	-5.9704E-4	-0.0036625	-0.019146	-0.011359	-0.010385	-0.013905	-0.011648	-0.010727	-0.016299	-0.01618
1.9991	-0.02029	-0.0029927	-0.0030631	-0.0061286	-0.023029	-0.015242	-0.014196	-0.017716	-0.018623	-0.017702	-0.022329	-0.02221
1.9982	-0.015433	0.001865	-0.0023252	-0.0053907	-0.026369	-0.018582	-0.015633	-0.019153	-0.020819	-0.019899	-0.024571	-0.024451
1.9973	-0.022239	-0.0049414	-0.0071104	-0.010176	-0.031742	-0.023955	-0.024913	-0.028432	-0.030892	-0.029971	-0.033832	-0.033713
1.9964	-0.020406	-0.0031087	-0.008319	-0.011385	-0.035825	-0.028038	-0.030489	-0.034009	-0.037356	-0.036435	-0.040071	-0.039951
1.9955	-0.02048	-0.003182	-0.0083207	-0.011386	-0.040981	-0.033194	-0.034226	-0.037746	-0.042181	-0.04126	-0.04802	-0.047901
1.9947	-0.023322	-0.0060247	-0.013701	-0.016767	-0.046975	-0.039188	-0.043542	-0.047062	-0.050964	-0.050044	-0.054838	-0.054719
1.9938	-0.024958	-0.0076601	-0.014829	-0.017895	-0.050243	-0.042456	-0.047838	-0.051357	-0.05757	-0.05665	-0.062745	-0.062626
1.9929	-0.020355	-0.0030574	-0.01159	-0.014655	-0.050756	-0.042969	-0.045239	-0.048758	-0.057816	-0.056896	-0.061886	-0.061767
1.992	-0.025415	-0.0081174	-0.014549	-0.017615	-0.053986	-0.046199	-0.050124	-0.053644	-0.065171	-0.064251	-0.070303	-0.070184
1.9911	-0.031989	-0.014691	-0.021415	-0.024481	-0.058384	-0.050597	-0.055539	-0.059059	-0.069222	-0.068302	-0.074769	-0.074649
1.9902	-0.027844	-0.010546	-0.017881	-0.020947	-0.0536	-0.045813	-0.050289	-0.053808	-0.066276	-0.065356	-0.068547	-0.068428
1.9893	-0.031055	-0.013757	-0.016344	-0.01941	-0.051232	-0.043445	-0.045647	-0.049167	-0.067345	-0.066425	-0.069422	-0.069303
1.9885	-0.03202	-0.014723	-0.020117	-0.023183	-0.052147	-0.04436	-0.043833	-0.047353	-0.063421	-0.0625	-0.067448	-0.067328
1.9876	-0.02802	-0.010723	-0.014304	-0.01737	-0.046076	-0.038289	-0.036004	-0.039524	-0.052717	-0.051797	-0.056688	-0.056569
1.9867	-0.026715	-0.0094173	-0.011888	-0.014953	-0.037503	-0.029716	-0.028391	-0.031911	-0.046219	-0.045299	-0.048437	-0.048317
1.9858	-0.028833	-0.011536	-0.01252	-0.015585	-0.036061	-0.028274	-0.027025	-0.030545	-0.043062	-0.042142	-0.045501	-0.045381
1.9849	-0.027182	-0.0098842	-0.0059997	-0.0090652	-0.032359	-0.024572	-0.01951	-0.02303	-0.031638	-0.030718	-0.036184	-0.036064
1.9841	-0.025396	-0.008098	-0.0052073	-0.0082728	-0.026719	-0.018933	-0.014418	-0.017937	-0.025633	-0.024713	-0.030237	-0.030118
1.9832	-0.022259	-0.004961	-0.0042226	-0.0072881	-0.022293	-0.014507	-0.0093368	-0.012857	-0.022569	-0.021648	-0.024754	-0.024634
1.9823	-0.025079	-0.007782	-0.0024766	-0.0055421	-0.022655	-0.014869	-0.0093792	-0.012899	-0.018253	-0.017333	-0.018565	-0.018445
1.9814	-0.019307	-0.0020099	-0.0010829	-0.0041484	-0.01689	-0.0091033	-0.0044781	-0.0079979	-0.011224	-0.010304	-0.013762	-0.013643
1.9806	-0.021269	-0.0039718	-4.7271E-5	-0.0031128	-0.016907	-0.0091201	-0.0016825	-0.0052024	-0.013776	-0.012855	-0.010737	-0.010617
1.9797	-0.021108	-0.0038106	-9.7773E-4	-0.0040432	-0.017877	-0.01009	-0.0016958	-0.0052156	-0.011304	-0.010383	-0.011111	-0.010991
1.9788	-0.022749	-0.005451	-0.0035102	-0.0065757	-0.019308	-0.011521	-0.0028231	-0.0063429	-0.0098124	-0.0088921	-0.0096296	-0.0095102
1.9779	-0.016722	5.7538E-4	-2.3592E-4	-0.0033014	-0.011599	-0.0038126	0.0031829	-3.369E-4	-0.0051066	-0.0041862	-0.0010771	-9.5777E-4
1.9771	-0.020201	-0.002903	-5.1232E-4	-0.0035778	-0.01133	-0.003543	8.9511E-4	-0.0026247	-0.0078377	-0.0069174	-0.0033808	-0.0032614
1.9762	-0.026441	-0.0091439	-0.0032847	-0.0063502	-0.016599	-0.008812	-0.0025575	-0.0060774	-0.0074864	-0.0065661	-0.0068311	-0.0067117
1.9753	-0.019084	-0.0017865	9.0066E-4	-0.0021648	-0.015731	-0.0079439	-0.0015499	-0.0050697	-0.002842	-0.0019216	-0.0027093	-0.0025899
1.9744	-0.018535	-0.0012378	0.0015543	-0.0015112	-0.011296	-0.0035088	7.5668E-4	-0.0027632	-3.9232E-4	5.2802E-4	-0.0021887	-0.0020694
1.9736	-0.02097	-0.0036724	-0.0011283	-0.0041938	-0.012852	-0.0050655	-4.3598E-4	-0.0039558	-0.0044458	-0.0035254	-0.0030389	-0.0029195
1.9727	-0.021046	-0.0037484	-0.0019318	-0.0049973	-0.014016	-0.006229	-0.001388	-0.0049078	-0.0045677	-0.0036474	-0.0038213	-0.0037019
1.9718	-0.019264	-0.0019663	4.4385E-4	-0.0026217	-0.011039	-0.0032522	0.0037888	2.6896E-4	-0.0020917	-0.0011713	-4.8633E-4	-3.6696E-4
1.971	-0.02011	-0.0028127	0.0018975	-0.001168	-0.010745	-0.0029585	-4.2693E-4	-0.0039468	-0.0055229	-0.0046026	-0.0048835	-0.0047641
1.9701	-0.023901	-0.0066031	-5.1503E-4	-0.0035805	-0.011242	-0.0034552	0.0026111	-9.0876E-4	-0.0051976	-0.0042772	-0.0019666	-0.0018472
1.9692	-0.016862	4.3569E-4	0.0012391	-0.0018264	-0.0087457	-9.5884E-4	0.0023984	-0.0011214	-0.0014995	-5.7918E-4	-6.0317E-4	-4.838E-4
1.9684	-0.017088	2.0914E-4	0.0038427	7.7717E-4	-0.010422	-0.0026354	9.0479E-4	-0.0026151	-0.0036306	-0.0027103	-0.0045316	-0.0044123
1.9675	-0.023274	-0.0059763	-0.0028072	-0.0058727	-0.010563	-0.0027764	-6.4437E-4	-0.0041642	-0.0064209	-0.0055006	-0.0045194	-0.0044001
1.9667	-0.019601	-0.0023039	5.587E-4	-0.0025068	-0.011021	-0.0032338	9.6118E-4	-0.0025587	-0.0056804	-0.0047601	-0.0044273	-0.0043079
1.9658	-0.02018	-0.0028829	-2.3707E-4	-0.0033026	-0.011203	-0.0034162	0.0014025	-0.0021173	-0.0068245	-0.0059042	-0.0065199	-0.0064006
1.9649	-0.021204	-0.0039069	-0.0025021	-0.0055676	-0.013156	-0.0053696	0.0027095	-8.1038E-4	-0.0033563	-0.0024359	-0.0033475	-0.0032281
1.9641	-0.0197	-0.0024029	-0.0021571	-0.0052226	-0.014211	-0.006424	0.0010309	-0.002489	-0.0081804	-0.0072601	-0.0065976	-0.0064783
1.9632	-0.021032	-0.0037345	3.4356E-4	-0.0027219	-0.010365	-0.0025782	0.0021078	-0.0014121	-0.0042968	-0.0033764	-0.0021026	-0.0019832
1.9624	-0.019255	-0.0019571	-0.0027425	-0.005808	-0.012503	-0.004716	-0.0015874	-0.0051072	-0.0051751	-0.0042548	-0.0034503	-0.003331
1.9615	-0.019184	-0.0018867	7.2792E-5	-0.0029927	-0.012838	-0.0050517	0.0010676	-0.0024523	-0.0035226	-0.0026023	-0.0030571	-0.0029377
1.9606	-0.019594	-0.0022963	-5.6408E-4	-0.0036296	-0.010981	-0.0031942	2.9761E-4	-0.0032222	-0.0040388	-0.0031184	-0.0037446	-0.0036252
1.9598	-0.018375	-0.0010775	0.0023684	-6.9714E-4	-0.011617	-0.00383	0.0020252	-0.0014947	-0.0041875	-0.0032671	-0.0038958	-0.0037765
1.9589	-0.018725	-0.0014272	-5.9099E-4	-0.0036565	-0.013525	-0.0057382	0.0028762	-6.4359E-4	-0.0039842	-0.0030638	-0.0046863	-0.004567
1.9581	-0.023188	-0.0058904	-0.0015563	-0.0046218	-0.011851	-0.0040643	-0.0015747	-0.0050946	-0.0044488	-0.0035285	-0.0015091	-0.0013897
1.9572	-0.018094	-7.9697E-4	0.0010447	-0.0020208	-0.012964	-0.0051772	8.095E-4	-0.0027103	-0.0069812	-0.0060608	-0.0057381	-0.0056188
1.9564	-0.014723	0.0025744	0.0027176	-3.4788E-4	-0.0072984	4.8839E-4	0.0027195	-8.0037E-4	-7.8609E-4	1.3426E-4	-0.0049086	-0.0047893
1.9555	-0.01907	-0.0017726	-5.1853E-4	-0.003584	-0.0096571	-0.0018703	8.7139E-5	-0.0034327	-0.0058003	-0.0048799	-0.0040819	-0.0039626
1.9547	-0.017298	0	0.0030655	0	-0.0077868	0	0.0035198	0	-9.2034E-4	0	-1.1937E-4	0
1.9538	-0.019685	-0.0023871	-3.7608E-4	-0.0034416	-0.010679	-0.0028917	7.9883E-4	-0.002721	-0.0047533	-0.003833	-0.0039239	-0.0038046
1.953	-0.020084	-0.0027865	9.3167E-4	-0.0021338	-0.0090067	-0.0012199	0.0010002	-0.0025196	-0.0036644	-0.0027441	-0.00264	-0.0025206
1.9521	-0.019236	-0.001938	-0.0019867	-0.0050522	-0.012254	-0.0044674	-0.0019032	-0.0054231	-0.0049075	-0.0039872	-0.0044251	-0.0043058
1.9513	-0.018122	-8.2408E-4	0.0022539	-8.1162E-4	-0.0083805	-5.9364E-4	0.001832	-0.0016879	-0.0033501	-0.0024298	-0.001148	-0.0010287
1.9504	-0.020453	-0.0031554	1.5525E-5	-0.00305	-0.010023	-0.0022364	-6.1902E-4	-0.0041389	-0.0042479	-0.0033276	-0.0046267	-0.0045073
1.9496	-0.021467	-0.004169	-0.0019523	-0.0050178	-0.0096816	-0.0018948	-2.1654E-4	-0.0037364	-0.00621	-0.0052897	-0.0019468	-0.0018274
1.9487	-0.019506	-0.0022088	2.3968E-4	-0.0028258	-0.0099286	-0.0021418	-6.2832E-4	-0.0041482	-0.0043199	-0.0033996	-0.007238	-0.0071186
1.9479	-0.015596	0.0017012	0.0015708	-0.0014947	-0.0081646	-3.7781E-4	9.5297E-4	-0.0025669	-0.0016547	-7.3431E-4	-0.0030421	-0.0029227
1.947	-0.020792	-0.0034947	-5.0303E-4	-0.0035685	-0.010318	-0.0025312	1.3679E-4	-0.003383	-0.0032666	-0.0023463	-0.0048906	-0.0047712
1.9462	-0.020009	-0.0027117	-0.0018864	-0.0049519	-0.01065	-0.0028628	-0.002685	-0.0062049	-0.0068656	-0.0059452	-0.0049934	-0.004874
1.9453	-0.018402	-0.0011043	8.8606E-4	-0.0021794	-0.0085077	-7.2091E-4	0.0013843	-0.0021355	-0.0045315	-0.0036111	-0.0037338	-0.0036144
1.9445	-0.016614	6.8371E-4	2.7186E-4	-0.0027936	-0.008252	-4.6517E-4	0.0013856	-0.0021342	-0.0064676	-0.0055472	-0.0077624	-0.0076431
1.9437	-0.022002	-0.0047047	-0.0032652	-0.0063307	-0.011046	-0.0032589	-0.0031105	-0.0066304	-0.0090284	-0.008108	-0.0071096	-0.0069902
1.9428	-0.020888	-0.0035908	-0.0032339	-0.0062994	-0.0094901	-0.0017032	-0.0015364	-0.0050562	-0.0043439	-0.0034235	-0.0059484	-0.005829
1.942	-0.020933	-0.0036352	-0.0016804	-0.0047459	-0.011086	-0.0032989	0.001869	-0.0016508	-0.0047525	-0.0038322	-0.0056198	-0.0055004
1.9411	-0.022336	-0.0050389	-0.0048187	-0.0078842	-0.014296	-0.0065093	-0.0010762	-0.004596	-0.0066507	-0.0057304	-0.0051684	-0.005049
1.9403	-0.020348	-0.0030509	0.0023282	-7.3733E-4	-0.0086133	-8.2653E-4	0.0010655	-0.0024543	-0.0022496	-0.0013292	-0.004332	-0.0042126
1.9395	-0.01895	-0.0016528	-7.2082E-4	-0.0037863	-0.0083505	-5.6363E-4	0.0013447	-0.0021752	-0.0019222	-0.0010018	-0.0044852	-0.0043659
1.9386	-0.015405	0.0018927	1.922E-4	-0.0028733	-0.0067848	0.001002	0.0029457	-5.7415E-4	-0.0030932	-0.0021729	-4.9472E-4	-3.7535E-4
1.9378	-0.021947	-0.0046495	-0.0051252	-0.0081907	-0.013405	-0.0056184	-7.2694E-4	-0.0042468	-0.0070195	-0.0060992	-0.0068516	-0.0067322
1.9369	-0.019287	-0.0019898	0.0014642	-0.0016014	-0.0074224	3.6437E-4	0.0026957	-8.2409E-4	-0.0031945	-0.0022742	-0.0023637	-0.0022443
1.9361	-0.017497	-1.9976E-4	0.0038651	7.9958E-4	-0.0037196	0.0040672	0.0054938	0.0019739	-8.626E-4	5.7741E-5	0.0016408	0.0017601
1.9353	-0.019592	-0.0022946	-5.2535E-5	-0.003118	-0.0071008	6.8606E-4	0.0017836	-0.0017362	-0.0013861	-4.6573E-4	-0.0049229	-0.0048035
1.9344	-0.020519	-0.0032214	-0.0049613	-0.0080268	-0.014072	-0.0062855	-0.0045731	-0.0080929	-0.0074519	-0.0065316	-0.0074504	-0.007331
1.9336	-0.017985	-6.8782E-4	2.9835E-4	-0.0027672	-0.0090854	-0.0012985	-0.0012089	-0.0047287	-0.0058177	-0.0048974	-0.0049799	-0.0048605
1.9328	-0.018216	-9.1818E-4	-3.9319E-5	-0.0031048	-0.0070555	7.3133E-4	0.0043493	8.2947E-4	-0.0033843	-0.002464	-0.004988	-0.0048687
1.9319	-0.022774	-0.0054761	-0.001148	-0.0042135	-0.01068	-0.0028927	-0.0047314	-0.0082512	-0.0062141	-0.0052937	-0.0055013	-0.0053819
1.9311	-0.022577	-0.0052794	-0.0060002	-0.0090657	-0.012196	-0.0044092	-0.0033509	-0.0068708	-0.0067409	-0.0058205	-0.0065217	-0.0064023
1.9303	-0.016489	8.0902E-4	0.0023194	-7.4613E-4	-0.0044936	0.0032932	0.0045024	9.8257E-4	-5.1325E-4	4.071E-4	-5.9259E-4	-4.7322E-4
1.9295	-0.01822	-9.2266E-4	-0.0015835	-0.0046491	-0.0085234	-7.3663E-4	8.2968E-4	-0.0026902	-0.0055364	-0.004616	-0.0053732	-0.0052539
1.9286	-0.018701	-0.0014038	-0.0029815	-0.006047	-0.014098	-0.0063109	-0.0014124	-0.0049323	-0.0043565	-0.0034361	-0.0062335	-0.0061142
1.9278	-0.013826	0.003472	0.0039523	8.8683E-4	-0.0097141	-0.0019272	0.0032548	-2.6504E-4	-0.004384	-0.0034637	-0.0022846	-0.0021652
1.927	-0.016431	8.6647E-4	-0.0012782	-0.0043437	-0.0094774	-0.0016906	0.0017468	-0.0017731	-0.0036032	-0.0026828	-0.0040253	-0.0039059
1.9261	-0.021404	-0.0041061	-0.0066769	-0.0097424	-0.014824	-0.0070372	-0.0010317	-0.0045515	-0.0065725	-0.0056521	-0.0063798	-0.0062604
1.9253	-0.019411	-0.0021138	-0.0040464	-0.0071119	-0.011606	-0.0038189	-0.0023667	-0.0058865	-0.003185	-0.0022647	-0.0058613	-0.0057419
1.9245	-0.01664	6.5708E-4	0.0024181	-6.4736E-4	-0.0081823	-3.9549E-4	0.0039839	4.6402E-4	-0.0017678	-8.4746E-4	-0.0035435	-0.0034241
1.9237	-0.016545	7.5297E-4	-7.6655E-4	-0.0038321	-0.010347	-0.0025599	5.0614E-4	-0.0030137	-0.004142	-0.0032217	-0.0029376	-0.0028183
1.9228	-0.020262	-0.0029642	-0.0015158	-0.0045813	-0.011573	-0.0037866	-0.0030385	-0.0065584	-0.0047349	-0.0038146	-0.0049502	-0.0048308
1.922	-0.019908	-0.0026105	-0.0014448	-0.0045103	-0.011445	-0.0036579	-0.0027783	-0.0062982	-0.0044959	-0.0035756	-0.0050917	-0.0049723
1.9212	-0.013002	0.0042959	0.0022707	-7.9475E-4	-0.0095427	-0.0017559	0.0014954	-0.0020244	-0.0018936	-9.7322E-4	-0.0040254	-0.0039061
1.9204	-0.018269	-9.7146E-4	-0.0014392	-0.0045047	-0.011021	-0.0032345	-0.0022737	-0.0057935	-0.0041401	-0.0032197	-0.0049284	-0.004809
1.9196	-0.019644	-0.0023464	-0.0025335	-0.005599	-0.012508	-0.0047208	-2.1716E-4	-0.003737	-0.0010088	-8.8474E-5	-0.0074929	-0.0073735
1.9187	-0.017271	2.6395E-5	6.6582E-4	-0.0023997	-0.007765	2.1787E-5	0.003954	4.3418E-4	-0.0029438	-0.0020235	-0.0033014	-0.003182
1.9179	-0.019224	-0.0019265	-5.8654E-4	-0.003652	-0.0099356	-0.0021487	0.0018519	-0.0016679	-0.0032118	-0.0022915	-0.0059917	-0.0058724
1.9171	-0.021286	-0.0039882	-0.0026742	-0.0057397	-0.012327	-0.0045399	0.0026478	-8.7207E-4	-0.006004	-0.0050837	-0.0083811	-0.0082617
1.9163	-0.022082	-0.0047843	-0.0051418	-0.0082073	-0.01318	-0.0053929	-0.0021472	-0.0056671	-0.0035155	-0.0025951	-0.0065038	-0.0063844
1.9155	-0.013651	0.0036464	0.0028165	-2.49E-4	-0.0071766	6.1025E-4	0.0022032	-0.0013166	-0.0011407	-2.2034E-4	-0.003949	-0.0038296
1.9147	-0.020248	-0.0029508	-0.0021696	-0.0052352	-0.013456	-0.005669	0.0015989	-0.001921	-0.0059492	-0.0050288	-0.0065705	-0.0064511
1.9138	-0.025202	-0.0079048	-0.0033147	-0.0063802	-0.015623	-0.0078364	-0.002884	-0.0064039	-0.0097302	-0.0088099	-0.0083858	-0.0082664
1.913	-0.018287	-9.8913E-4	-0.0024943	-0.0055598	-0.010539	-0.0027526	7.4019E-4	-0.0027796	-0.0053661	-0.0044457	-0.0058192	-0.0056999
1.9122	-0.016137	0.0011604	0.0038036	7.3808E-4	-0.011404	-0.0036176	0.0020244	-0.0014955	-0.0044321	-0.0035118	-0.0058689	-0.0057495
1.9114	-0.023106	-0.0058085	-0.0026357	-0.0057012	-0.012813	-0.0050266	-0.0049159	-0.0084358	-0.0062108	-0.0052905	-0.0094531	-0.0093337
1.9106	-0.019358	-0.0020601	-0.0021721	-0.0052376	-0.010597	-0.0028103	-7.2578E-4	-0.0042456	-0.0078977	-0.0069773	-0.0075717	-0.0074523
1.9098	-0.014888	0.0024092	0.002528	-5.3748E-4	-0.0067404	0.0010464	0.003892	3.7221E-4	-0.0019461	-0.0010257	-4.9487E-4	-3.755E-4
1.909	-0.016455	8.4226E-4	-0.0011043	-0.0041698	-0.011795	-0.0040086	-1.1646E-4	-0.0036363	-0.0035479	-0.0026276	-0.0036773	-0.003558
1.9082	-0.018693	-0.0013955	-0.0026036	-0.0056691	-0.01132	-0.0035328	-3.726E-4	-0.0038924	-0.0048385	-0.0039181	-0.004513	-0.0043936
1.9073	-0.021716	-0.0044185	-0.0035854	-0.0066509	-0.0093119	-0.0015251	-8.6361E-4	-0.0043834	-0.0037479	-0.0028275	-0.0058982	-0.0057788
1.9065	-0.017038	2.5975E-4	-0.0015655	-0.004631	-0.011392	-0.0036057	6.4993E-5	-0.0034548	-0.00501	-0.0040896	-0.0042879	-0.0041685
1.9057	-0.020218	-0.0029206	-0.0045825	-0.007648	-0.012166	-0.0043792	-0.0016363	-0.0051562	-0.005898	-0.0049777	-0.0072324	-0.0071131
1.9049	-0.023231	-0.0059331	-0.0041057	-0.0071712	-0.014383	-0.0065958	-0.0033826	-0.0069024	-0.0072377	-0.0063174	-0.0078135	-0.0076941
1.9041	-0.019938	-0.0026404	-8.0952E-4	-0.003875	-0.012444	-0.0046572	0.0016443	-0.0018755	-0.0050715	-0.0041512	-0.0065026	-0.0063833
1.9033	-0.019367	-0.0020692	-6.2895E-4	-0.0036945	-0.010385	-0.0025984	0.0033026	-2.1724E-4	-0.005463	-0.0045427	-0.0051747	-0.0050553
1.9025	-0.018857	-0.0015591	-5.5591E-4	-0.0036214	-0.010227	-0.00244	0.0022236	-0.0012962	-0.0026291	-0.0017088	-0.0041709	-0.0040515
1.9017	-0.018768	-0.0014706	-0.002314	-0.0053795	-0.012764	-0.0049776	0.001983	-0.0015368	-0.0048849	-0.0039646	-0.005693	-0.0055736
1.9009	-0.016512	7.858E-4	0.0017098	-0.0013557	-0.0086584	-8.7154E-4	0.0020389	-0.0014809	-6.1481E-4	3.0554E-4	-0.0045287	-0.0044093
1.9001	-0.014531	0.0027665	0.0027794	-2.8614E-4	-0.0057222	0.0020646	0.0051968	0.001677	-5.2717E-4	3.9318E-4	-8.2869E-4	-7.0932E-4
1.8993	-0.017088	2.0999E-4	-6.7535E-4	-0.0037408	-0.010284	-0.0024968	4.478E-4	-0.003072	-0.0044067	-0.0034864	-0.0045748	-0.0044554
1.8985	-0.019306	-0.0020084	-4.2972E-4	-0.0034952	-0.010176	-0.0023896	0.0027609	-7.5889E-4	-0.0053343	-0.004414	-0.0046275	-0.0045081
1.8977	-0.020148	-0.0028507	-0.0028792	-0.0059447	-0.01162	-0.0038335	-9.5484E-5	-0.0036153	-0.0049643	-0.004044	-0.0078537	-0.0077343
1.8969	-0.01765	-3.5217E-4	9.0313E-4	-0.0021624	-0.008801	-0.0010141	0.0021059	-0.001414	-0.0049902	-0.0040698	-0.0025783	-0.0024589
1.8961	-0.019326	-0.002028	-0.0013641	-0.0044296	-0.01038	-0.0025933	4.9398E-5	-0.0034704	-0.0032269	-0.0023065	-0.0040125	-0.0038931
1.8953	-0.018074	-7.7606E-4	-8.834E-4	-0.0039489	-0.010848	-0.0030616	0.0037321	2.1231E-4	-0.0030831	-0.0021628	-0.0010593	-9.3998E-4
1.8945	-0.01734	-4.2148E-5	-0.0027965	-0.005862	-0.0094998	-0.001713	0.0031575	-3.6233E-4	-0.0035043	-0.002584	-0.0053271	-0.0052078
1.8937	-0.01799	-6.925E-4	-0.0028123	-0.0058778	-0.011676	-0.003889	-4.8647E-4	-0.0040063	-0.0060764	-0.005156	-0.0071221	-0.0070027
1.8929	-0.021901	-0.0046037	-5.2765E-4	-0.0035932	-0.011911	-0.004124	1.8693E-4	-0.0033329	-0.0059162	-0.0049958	-0.0063671	-0.0062477
1.8921	-0.016926	3.7142E-4	-9.4678E-4	-0.0040123	-0.012533	-0.0047461	-0.0017824	-0.0053022	-0.00476	-0.0038396	-0.0061232	-0.0060038
1.8913	-0.014761	0.0025366	0.0022642	-8.0132E-4	-0.0054558	0.002331	0.0042747	7.5482E-4	-0.0013301	-4.0975E-4	-0.0015445	-0.0014251
1.8905	-0.021279	-0.0039816	-0.0027825	-0.005848	-0.014376	-0.0065896	-0.0050656	-0.0085855	-0.006907	-0.0059866	-0.0079063	-0.0077869
1.8897	-0.018284	-9.8655E-4	-0.0052669	-0.0083324	-0.010371	-0.0025842	-8.1726E-4	-0.0043371	-0.0030046	-0.0020843	-0.0074388	-0.0073194
1.8889	-0.014585	0.0027129	0.0032259	1.6039E-4	-0.0063016	0.0014853	-4.5792E-4	-0.0039778	-0.0027949	-0.0018746	-0.0012023	-0.001083
1.8881	-0.017424	-1.2689E-4	0.001044	-0.0020215	-0.011834	-0.0040471	1.0206E-4	-0.0034178	-0.0053723	-0.0044519	-0.005701	-0.0055816
1.8873	-0.0207	-0.0034024	-0.0023128	-0.0053783	-0.0116	-0.0038136	-0.0021822	-0.005702	-0.0063218	-0.0054015	-0.0070344	-0.006915
1.8865	-0.015511	0.0017864	-0.0010767	-0.0041422	-0.0078206	-3.3817E-5	0.0010685	-0.0024513	-0.0045193	-0.003599	-0.0046931	-0.0045738
1.8857	-0.015121	0.0021768	7.7213E-4	-0.0022934	-0.0071917	5.9511E-4	0.0037051	1.8524E-4	-0.0011959	-2.7553E-4	-0.0030043	-0.0028849
1.885	-0.015958	0.0013399	0.0017578	-0.0013077	-0.0071185	6.6829E-4	8.1588E-4	-0.002704	-0.0025153	-0.001595	-0.0059385	-0.0058191
1.8842	-0.018021	-7.2342E-4	0.0018294	-0.0012361	-0.013651	-0.0058642	1.0891E-4	-0.0034109	-0.0038356	-0.0029153	-0.0053675	-0.0052481
1.8834	-0.016363	9.3425E-4	-0.0020951	-0.0051607	-0.0087016	-9.1479E-4	0.0031214	-3.9842E-4	-0.0064161	-0.0054957	-0.0056203	-0.0055009
1.8826	-0.019593	-0.0022952	-0.0034005	-0.006466	-0.012261	-0.0044744	-7.901E-4	-0.0043099	-0.0045319	-0.0036115	-0.0074348	-0.0073154
1.8818	-0.015846	0.0014513	-4.4077E-4	-0.0035063	-0.0086207	-8.3385E-4	0.0010388	-0.0024811	-0.0053435	-0.0044231	-0.0078641	-0.0077447
1.881	-0.019296	-0.0019983	-3.6202E-4	-0.0034275	-0.010701	-0.0029145	-9.2884E-4	-0.0044487	-0.0060352	-0.0051148	-0.0062468	-0.0061275
1.8802	-0.01361	0.0036872	0.002936	-1.2955E-4	-0.0067408	0.001046	0.0037803	2.6043E-4	-5.3319E-4	3.8716E-4	-0.0032988	-0.0031795
1.8794	-0.016856	4.4175E-4	0.0011876	-0.0018779	-0.0083434	-5.5662E-4	0.0016859	-0.0018339	-0.0049646	-0.0040442	-0.0052824	-0.005163
1.8787	-0.019789	-0.0024911	0.0010897	-0.0019758	-0.0091508	-0.001364	0.0016035	-0.0019163	-0.0050097	-0.0040894	-0.0045586	-0.0044392
1.8779	-0.017538	-2.4038E-4	0.0017013	-0.0013642	-0.0068925	8.9431E-4	9.7214E-4	-0.0025477	-0.001691	-7.7063E-4	-0.0036157	-0.0034964
1.8771	-0.01686	4.377E-4	1.5395E-4	-0.0029116	-0.0077002	8.6607E-5	-9.5496E-4	-0.0044748	-0.0043229	-0.0034025	-0.0049315	-0.0048121
1.8763	-0.016807	4.9067E-4	0.0014589	-0.0016066	-0.0067249	0.0010619	7.7608E-4	-0.0027438	-0.0040586	-0.0031383	-0.0074647	-0.0073454
1.8755	-0.016846	4.5166E-4	-0.0023414	-0.0054069	-0.011863	-0.0040764	-0.0017863	-0.0053061	-0.0047811	-0.0038608	-0.0053712	-0.0052518
1.8747	-0.02098	-0.0036821	-0.0071685	-0.010234	-0.011671	-0.0038837	-0.001552	-0.0050718	-0.0089697	-0.0080494	-0.0052684	-0.005149
1.874	-0.0139	0.0033975	0.0014435	-0.001622	-0.0057124	0.0020744	0.0045753	0.0010555	-0.0019816	-0.0010612	-0.0034074	-0.003288
1.8732	-0.015235	0.0020626	-3.4119E-4	-0.0034067	-0.0052008	0.002586	9.4327E-4	-0.0025766	-0.0044102	-0.0034898	-0.0056775	-0.0055581
1.8724	-0.0151	0.0021975	2.619E-4	-0.0028036	-0.0064549	0.0013319	0.0015192	-0.0020007	-0.0023438	-0.0014234	-0.0038322	-0.0037128
1.8716	-0.016281	0.0010167	-0.002089	-0.0051545	-0.0050048	0.002782	0.0024215	-0.0010983	-0.0033518	-0.0024315	-0.004447	-0.0043277
1.8708	-0.013369	0.0039287	0.0040648	9.9933E-4	-0.0037339	0.0040529	0.0050302	0.0015103	3.678E-4	0.0012881	-0.0015312	-0.0014119
1.8701	-0.018307	-0.0010095	2.5205E-4	-0.0028134	-0.007252	5.3486E-4	0.0014543	-0.0020656	-0.007014	-0.0060937	-0.0050494	-0.0049301
1.8693	-0.016951	3.4665E-4	-0.0019686	-0.0050341	-0.0090239	-0.0012371	-0.0027544	-0.0062742	-0.0062761	-0.0053558	-0.0070098	-0.0068905
1.8685	-0.01644	8.5718E-4	-0.0016873	-0.0047528	-0.0039908	0.003796	0.0031937	-3.2612E-4	-0.0017668	-8.4644E-4	-0.0028554	-0.002736
1.8677	-0.015073	0.0022242	0.0025651	-5.0043E-4	-0.0076704	1.1643E-4	0.0036743	1.545E-4	-0.0020864	-0.0011661	-0.0016956	-0.0015763
1.867	-0.013039	0.0042586	-6.4755E-4	-0.0037131	-0.0082717	-4.8488E-4	0.0013387	-0.0021811	-0.004668	-0.0037476	-0.0081119	-0.0079925
1.8662	-0.016175	0.0011221	-5.0028E-4	-0.0035658	-0.0073379	4.4892E-4	-1.2757E-5	-0.0035326	-0.0015021	-5.8176E-4	-0.0042488	-0.0041294
1.8654	-0.01625	0.0010479	0.0033867	3.2119E-4	-0.0043756	0.0034112	8.0933E-5	-0.0034389	-0.0058497	-0.0049294	-0.0051484	-0.005029
1.8646	-0.014912	0.0023853	9.4015E-4	-0.0021254	-0.008249	-4.6215E-4	8.6216E-4	-0.0026577	-0.00271	-0.0017896	-0.003199	-0.0030796
1.8639	-0.018832	-0.0015345	-0.003245	-0.0063105	-0.010942	-0.0031548	-0.0029359	-0.0064557	-0.0072324	-0.0063121	-0.0085076	-0.0083883
1.8631	-0.01707	2.2787E-4	3.3058E-4	-0.0027349	-0.0055954	0.0021914	0.0039875	4.6767E-4	-0.0033741	-0.0024537	-0.0022321	-0.0021127
1.8623	-0.010344	0.0069531	0.0049585	0.001893	-0.0022544	0.0055324	0.0041705	6.5062E-4	0.0017417	0.0026621	-8.0821E-4	-6.8884E-4
1.8616	-0.01336	0.0039371	0.0016971	-0.0013684	-0.0057151	0.0020717	9.0963E-4	-0.0026102	-0.0021341	-0.0012137	-0.004507	-0.0043876
1.8608	-0.017376	-7.8786E-5	-0.0039341	-0.0069996	-0.010957	-0.0031698	-0.0012528	-0.0047727	-0.0079612	-0.0070409	-0.0065684	-0.0064491
1.86	-0.012011	0.0052869	8.8637E-4	-0.0021791	-0.0074311	3.5574E-4	0.0019238	-0.001596	-0.0024566	-0.0015363	-0.0042826	-0.0041632
1.8593	-0.016274	0.001024	4.7931E-4	-0.0025862	-0.0070038	7.8301E-4	6.953E-5	-0.0034503	-0.0054383	-0.004518	-0.005135	-0.0050156
1.8585	-0.015148	0.0021498	0.0018402	-0.0012253	-0.0046817	0.0031052	0.0033546	-1.6519E-4	-0.0010928	-1.725E-4	-0.0018605	-0.0017411
1.8577	-0.018399	-0.0011017	-0.0034366	-0.0065021	-0.0084915	-7.0464E-4	-0.0026596	-0.0061795	-0.0056473	-0.004727	-0.0081039	-0.0079845
1.857	-0.013534	0.0037636	0.002728	-3.3748E-4	-0.0052561	0.0025307	-0.00101	-0.0045299	-1.771E-4	7.4325E-4	-0.0038306	-0.0037112
1.8562	-0.01492	0.0023775	-0.0013099	-0.0043754	-0.0058898	0.001897	-4.807E-4	-0.0040005	-0.0026194	-0.001699	-0.0041302	-0.0040109
1.8554	-0.013448	0.0038495	0.0022232	-8.4228E-4	-0.006045	0.0017418	0.0025626	-9.5724E-4	-0.00184	-9.1967E-4	-0.0035496	-0.0034302
1.8547	-0.018668	-0.0013707	-0.003448	-0.0065135	-0.0089221	-0.0011353	-0.0023324	-0.0058522	-0.004599	-0.0036786	-0.0055268	-0.0054074
1.8539	-0.010119	0.0071787	0.0024649	-6.0059E-4	-0.0058185	0.0019683	0.0030092	-5.1067E-4	-1.6174E-4	7.5861E-4	-0.0037185	-0.0035992
1.8531	-0.010892	0.0064052	0.0013658	-0.0016997	-0.0041212	0.0036656	0.0025949	-9.2489E-4	-0.0014349	-5.1452E-4	-0.0021255	-0.0020061
1.8524	-0.01645	8.4704E-4	-8.4207E-5	-0.0031497	-0.011601	-0.0038141	0.0014579	-0.0020619	-0.0013248	-4.0449E-4	-0.0034088	-0.0032894
1.8516	-0.01948	-0.0021826	-0.0028252	-0.0058907	-0.010733	-0.0029461	-0.0019643	-0.0054842	-0.0068291	-0.0059088	-0.0068532	-0.0067339
1.8509	-0.017074	2.2336E-4	-0.0024107	-0.0054762	-0.0094364	-0.0016496	-6.3768E-4	-0.0041575	-0.0049163	-0.003996	-0.0024773	-0.0023579
1.8501	-0.012896	0.0044019	1.824E-4	-0.0028831	-0.0091147	-0.0013279	-9.2595E-4	-0.0044458	-0.0027512	-0.0018308	-0.0047746	-0.0046553
1.8493	-0.016593	7.0482E-4	3.5849E-4	-0.002707	-0.0095612	-0.0017744	1.89E-4	-0.0033308	-0.0056136	-0.0046933	-0.0042793	-0.00416
1.8486	-0.018637	-0.0013394	-0.0060012	-0.0090667	-0.010085	-0.0022978	9.3259E-4	-0.0025872	-0.0027471	-0.0018268	-0.0067835	-0.0066641
1.8478	-0.01795	-6.521E-4	-0.0022343	-0.0052998	-0.0077306	5.6225E-5	-6.2088E-4	-0.0041407	-0.0042757	-0.0033553	-0.0070702	-0.0069508
1.8471	-0.014893	0.0024045	-0.0016809	-0.0047464	-0.011415	-0.0036281	-0.0031224	-0.0066422	-0.0058695	-0.0049491	-0.0079755	-0.0078561
1.8463	-0.019288	-0.0019907	-0.0014996	-0.0045651	-0.0093137	-0.0015269	-3.2947E-4	-0.0038493	-0.0069264	-0.0060061	-0.0077834	-0.0076641
1.8456	-0.014992	0.0023053	-2.4218E-4	-0.0033077	-0.0096819	-0.0018951	-9.1026E-4	-0.0044301	-0.0042454	-0.003325	-0.0047212	-0.0046018
1.8448	-0.01927	-0.0019727	-0.0011078	-0.0041733	-0.0062971	0.0014897	1.4484E-4	-0.003375	-0.0019553	-0.0010349	-0.0042991	-0.0041797
1.844	-0.016096	0.0012014	0.0017155	-0.0013501	-0.0076937	9.3086E-5	-9.19E-4	-0.0044388	-0.0029865	-0.0020662	-0.0025889	-0.0024695
1.8433	-0.01647	8.2737E-4	0.001145	-0.0019205	-0.010158	-0.0023713	-9.6376E-4	-0.0044836	-0.0042029	-0.0032826	-0.005225	-0.0051056
1.8425	-0.017133	1.6463E-4	-7.5857E-4	-0.0038241	-0.0091696	-0.0013828	-2.7126E-4	-0.0037911	-0.0040692	-0.0031488	-0.0033847	-0.0032653
1.8418	-0.013278	0.0040199	5.3077E-4	-0.0025347	-0.0068271	9.5972E-4	0.0015364	-0.0019834	-4.2542E-4	4.9492E-4	-0.0015464	-0.001427
1.841	-0.018452	-0.0011542	-0.0034518	-0.0065173	-0.010391	-0.0026045	-0.0027209	-0.0062407	-0.0061519	-0.0052316	-0.0087764	-0.008657
1.8403	-0.01732	-2.263E-5	-0.0037711	-0.0068366	-0.011795	-0.0040086	-0.0013175	-0.0048373	-0.0035837	-0.0026633	-0.0078642	-0.0077449
1.8395	-0.02077	-0.0034723	-0.0049679	-0.0080334	-0.010669	-0.0028821	-0.0042065	-0.0077264	-0.0079593	-0.007039	-0.0079554	-0.0078361
1.8388	-0.015485	0.0018129	-6.7815E-4	-0.0037437	-0.0068883	8.985E-4	0.0020768	-0.001443	4.2126E-4	0.0013416	-0.0036607	-0.0035413
1.838	-0.016102	0.0011955	8.5582E-4	-0.0022097	-0.007426	3.6085E-4	6.2349E-4	-0.0028964	-0.0024164	-0.001496	-0.0040415	-0.0039222
1.8373	-0.015327	0.0019703	-4.7954E-4	-0.003545	-0.011044	-0.0032575	-0.0015604	-0.0050802	-0.0046673	-0.003747	-0.0041378	-0.0040184
1.8365	-0.019973	-0.002675	-0.0023186	-0.0053841	-0.0094788	-0.001692	-0.0028113	-0.0063312	-0.0049655	-0.0040452	-0.0057253	-0.0056059
1.8358	-0.016637	6.61E-4	-7.4222E-4	-0.0038077	-0.0097381	-0.0019513	1.107E-4	-0.0034091	-0.0043531	-0.0034328	-0.0036981	-0.0035787
1.835	-0.018557	-0.0012591	-0.0024661	-0.0055316	-0.010664	-0.0028773	-0.0010262	-0.004546	-0.0045945	-0.0036742	-0.0069461	-0.0068267
1.8343	-0.017653	-3.5588E-4	-0.0019056	-0.0049711	-0.011684	-0.0038976	-0.0011003	-0.0046202	-0.0056023	-0.0046819	-0.0067772	-0.0066578
1.8335	-0.019237	-0.0019392	-0.0041457	-0.0072112	-0.0087136	-9.2681E-4	-0.0029418	-0.0064617	-0.0051508	-0.0042305	-0.0059867	-0.0058673
1.8328	-0.017342	-4.4337E-5	-0.0011671	-0.0042326	-0.0099402	-0.0021534	9.0713E-4	-0.0026127	-0.0034954	-0.002575	-0.0037893	-0.00367
1.832	-0.018243	-9.4593E-4	-8.0309E-4	-0.0038686	-0.007156	6.3083E-4	6.772E-4	-0.0028426	-4.5243E-4	4.6792E-4	-0.0034899	-0.0033706
1.8313	-0.017631	-3.3347E-4	-6.7903E-4	-0.0037445	-0.010954	-0.0031669	-6.349E-4	-0.0041547	-0.0037272	-0.0028068	-0.004367	-0.0042476
1.8306	-0.018059	-7.6173E-4	-0.0048516	-0.0079171	-0.0099238	-0.002137	-0.0020929	-0.0056128	-0.0024033	-0.0014829	-0.0029231	-0.0028037
1.8298	-0.016109	0.0011881	-0.0030296	-0.0060951	-0.0088196	-0.0010328	-0.0018508	-0.0053707	-0.0030425	-0.0021222	-0.0078504	-0.007731
1.8291	-0.017359	-6.0992E-5	-0.0019126	-0.0049781	-0.0091557	-0.0013689	-5.602E-5	-0.0035759	-0.0033399	-0.0024196	-0.0058156	-0.0056962
1.8283	-0.019192	-0.0018946	-0.0039868	-0.0070523	-0.010708	-0.0029209	-0.005093	-0.0086128	-0.0050156	-0.0040953	-0.005635	-0.0055156
1.8276	-0.015987	0.0013103	-0.0017334	-0.0047989	-0.0089474	-0.0011605	0.001978	-0.0015418	-0.0029549	-0.0020346	-0.0033688	-0.0032494
1.8269	-0.013366	0.0039312	0.0039925	9.2697E-4	-0.0034725	0.0043143	0.0036684	1.4859E-4	-0.0020138	-0.0010935	-0.0011447	-0.0010254
1.8261	-0.01791	-6.1247E-4	-0.0025342	-0.0055997	-0.011152	-0.0033652	0.0029315	-5.8837E-4	-0.0037761	-0.0028557	-0.005265	-0.0051456
1.8254	-0.019715	-0.0024172	-0.0025466	-0.0056121	-0.0081528	-3.6599E-4	-0.0015307	-0.0050506	-0.0043365	-0.0034162	-0.0029749	-0.0028555
1.8246	-0.01606	0.001238	-0.0024362	-0.0055017	-0.0098847	-0.0020979	-1.7785E-4	-0.0036977	-0.0039377	-0.0030174	-0.0050371	-0.0049178
1.8239	-0.019718	-0.0024203	-0.0049279	-0.0079934	-0.011098	-0.0033113	-9.8884E-4	-0.0045087	-0.0053418	-0.0044215	-0.0066647	-0.0065454
1.8232	-0.017155	1.4283E-4	-0.0016393	-0.0047048	-0.0069968	7.9007E-4	1.6041E-4	-0.0033594	-0.002395	-0.0014747	-0.0027925	-0.0026731
1.8224	-0.018136	-8.3895E-4	-0.0018792	-0.0049447	-0.0088773	-0.0010904	-8.9697E-4	-0.0044168	-0.0035746	-0.0026543	-0.0060335	-0.0059141
1.8217	-0.017378	-8.0685E-5	-0.0021931	-0.0052586	-0.0048466	0.0029402	-4.7635E-4	-0.0039962	-0.0019162	-9.9583E-4	-0.0026595	-0.0025401
1.821	-0.014188	0.00311	-9.0542E-4	-0.0039709	-0.0036706	0.0041162	0.0021892	-0.0013306	0.0015263	0.0024466	-0.0038052	-0.0036858
1.8202	-0.018002	-7.0401E-4	9.6847E-4	-0.002097	-0.0064487	0.0013381	0.0013558	-0.002164	-6.7794E-4	2.4241E-4	-0.0025164	-0.002397
1.8195	-0.01936	-0.0020621	-0.0055194	-0.0085849	-0.0078601	-7.3317E-5	-0.0041621	-0.0076819	-0.0022261	-0.0013057	-0.0073419	-0.0072225
1.8188	-0.017333	-3.5515E-5	-4.9964E-4	-0.0035651	-0.0071447	6.4214E-4	0.0011032	-0.0024166	8.5107E-4	0.0017714	-0.0028626	-0.0027433
1.818	-0.012163	0.0051342	0.0018972	-0.0011683	-0.0029797	0.0048071	0.0019195	-0.0016003	8.3555E-4	0.0017559	-7.422E-4	-6.2282E-4
1.8173	-0.01525	0.0020471	-0.0020756	-0.0051411	-0.0046791	0.0031078	0.0027	-8.1985E-4	-0.0031561	-0.0022357	-0.0031834	-0.003064
1.8166	-0.012282	0.0050157	7.1015E-5	-0.0029945	-0.0029161	0.0048708	0.0048855	0.0013656	0.0036789	0.0045992	-4.2228E-4	-3.0291E-4
1.8158	-0.016953	3.4463E-4	-9.0174E-4	-0.0039672	-0.0031606	0.0046262	3.8533E-4	-0.0031345	-1.9536E-4	7.2498E-4	-0.0013289	-0.0012095
1.8151	-0.01312	0.0041775	-0.002302	-0.0053675	-0.0025863	0.0052005	0.0045576	0.0010378	6.7609E-4	0.0015964	-0.0013626	-0.0012432
1.8144	-0.014973	0.0023241	0.0011753	-0.0018902	-0.0025067	0.0052801	0.0045117	9.9184E-4	0.0023526	0.0032729	-0.0010125	-8.9309E-4
1.8136	-0.01784	-5.4205E-4	-0.0020406	-0.0051061	-0.004945	0.0028418	-1.9574E-5	-0.0035394	-0.0022628	-0.0013425	-0.0026713	-0.0025519
1.8129	-0.017308	-1.0333E-5	-0.0047345	-0.0078	-0.0056214	0.0021654	-0.0038163	-0.0073361	-0.0023016	-0.0013813	-0.0025174	-0.002398
1.8122	-0.014097	0.0032002	-7.7885E-4	-0.0038443	-0.0013687	0.0064181	0.0036022	8.2377E-5	0.0019987	0.002919	0.0011165	0.0012359
1.8115	-0.014776	0.0025218	6.6286E-4	-0.0024026	-0.0053662	0.0024206	1.9151E-4	-0.0033283	-8.2462E-4	9.5725E-5	-0.0018026	-0.0016833
1.8107	-0.014708	0.00259	-2.5593E-4	-0.0033214	-0.0042391	0.0035478	0.0024372	-0.0010826	8.5511E-4	0.0017755	-0.0012807	-0.0011613
1.81	-0.014657	0.0026401	3.0345E-4	-0.0027621	-0.0027311	0.0050558	0.0019696	-0.0015502	8.8714E-4	0.0018075	0.0016361	0.0017554
1.8093	-0.012903	0.0043948	-2.0078E-4	-0.0032663	-2.5027E-4	0.0075366	0.0023667	-0.0011531	6.0779E-4	0.0015281	0.001317	0.0014363
1.8085	-0.010201	0.0070964	0.0014659	-0.0015996	2.2252E-4	0.0080093	0.007646	0.0041261	0.0037932	0.0047136	-3.7437E-4	-2.55E-4
1.8078	-0.014959	0.0023389	-6.2702E-4	-0.0036925	-0.0010936	0.0066932	0.0033161	-2.0377E-4	0.0010047	0.001925	-0.001558	-0.0014386
1.8071	-0.017757	-4.5913E-4	-0.0040106	-0.0070761	-0.0061498	0.001637	0.0012669	-0.002253	-2.8597E-4	6.3437E-4	-0.0028738	-0.0027545
1.8064	-0.009991	0.0073065	0.0027967	-2.6884E-4	0.0014586	0.0092454	0.0050689	0.0015491	0.0041591	0.0050795	0.0025719	0.0026913
1.8057	-0.011532	0.0057651	0.0031567	9.1173E-5	0.0014117	0.0091985	0.0055645	0.0020447	0.0038838	0.0048042	0.0030417	0.0031611
1.8049	-0.015308	0.0019896	-0.001711	-0.0047765	-0.0044218	0.003365	2.3203E-4	-0.0032878	-2.1187E-4	7.0847E-4	-0.003541	-0.0034216
1.8042	-0.018822	-0.0015247	-0.001807	-0.0048725	-0.0064921	0.0012947	0.001258	-0.0022618	0.0011315	0.0020518	-0.0045498	-0.0044305
1.8035	-0.014555	0.0027428	-6.3189E-4	-0.0036974	-0.0017651	0.0060217	0.0035058	-1.4006E-5	0.001054	0.0019744	2.0627E-4	3.2564E-4
1.8028	-0.012313	0.0049847	3.6687E-4	-0.0026986	-0.0034973	0.0042895	0.0051858	0.001666	0.0011942	0.0021145	-0.0010634	-9.4408E-4
1.802	-0.016784	5.1399E-4	-8.7172E-4	-0.0039372	-0.002456	0.0053308	0.0016655	-0.0018543	-0.0013086	-3.8827E-4	-6.1478E-4	-4.9541E-4
1.8013	-0.019948	-0.0026507	-0.0051747	-0.0082402	-0.0078421	-5.5292E-5	-0.0041557	-0.0076755	-0.0028466	-0.0019262	-0.0023886	-0.0022693
1.8006	-0.013831	0.003467	-1.5084E-4	-0.0032163	-0.0040021	0.0037847	0.0031438	-3.7606E-4	-8.1306E-4	1.0729E-4	0.001993	0.0021124
1.7999	-0.011251	0.0060461	-0.0011003	-0.0041658	-0.0017299	0.0060569	0.0041193	5.9943E-4	0.0037507	0.0046711	0.0012501	0.0013694
1.7992	-0.014063	0.0032348	-0.0013861	-0.0044516	-7.7641E-4	0.0070104	0.0046387	0.0011189	0.0017006	0.0026209	-0.00143	-0.0013107
1.7985	-0.016422	8.7553E-4	-0.0024298	-0.0054953	-0.0066726	0.0011142	-0.0018568	-0.0053767	-0.0022817	-0.0013614	-0.0027436	-0.0026243
1.7977	-0.015178	0.0021194	-0.0032516	-0.0063171	-0.0024116	0.0053752	-0.0013014	-0.0048212	-3.5073E-4	5.6962E-4	0.0021642	0.0022836
1.797	-0.012169	0.0051284	-0.0025561	-0.0056216	-0.003709	0.0040778	0.0032846	-2.3521E-4	0.0019998	0.0029201	-7.0176E-4	-5.8239E-4
1.7963	-0.011404	0.0058936	0.0016041	-0.0014615	-0.0023457	0.0054411	0.0042268	7.0693E-4	0.0035032	0.0044236	0.0041114	0.0042308
1.7956	-0.014504	0.0027935	2.333E-4	-0.0028322	-0.0040473	0.0037395	0.0074396	0.0039198	0.0028038	0.0037241	0.0029707	0.00309
1.7949	-0.012001	0.0052967	0.0033698	3.0432E-4	-6.0781E-4	0.007179	0.0063301	0.0028103	0.0049705	0.0058909	0.0037612	0.0038806
1.7942	-0.014554	0.0027439	-0.0034214	-0.0064869	-0.0062055	0.0015813	0.0015851	-0.0019348	-3.8969E-4	5.3065E-4	-0.0013818	-0.0012624
1.7935	-0.0073425	0.009955	0.0031894	1.2388E-4	-8.5843E-4	0.0069284	0.0068271	0.0033073	0.0036788	0.0045992	0.0034214	0.0035408
1.7928	-0.015468	0.0018295	-0.0052998	-0.0083653	-0.0044529	0.0033339	0.0015728	-0.001947	-8.5127E-4	6.9077E-5	-1.8095E-4	-6.158E-5
1.792	-0.012355	0.0049421	-0.0022828	-0.0053483	-0.001938	0.0058488	0.0026341	-8.8571E-4	0.0012076	0.002128	0.0018829	0.0020023
1.7913	-0.012919	0.0043785	7.2783E-4	-0.0023377	-0.0053603	0.0024265	0.0037258	2.0592E-4	3.7508E-4	0.0012954	9.1428E-4	0.0010337
1.7906	-0.012577	0.0047207	-1.7951E-5	-0.0030835	-0.0037161	0.0040707	0.0044901	9.7027E-4	0.0043371	0.0052575	6.9685E-4	8.1622E-4
1.7899	-0.018298	-0.0010001	-0.0034623	-0.0065278	-0.0065831	0.0012037	-0.0031416	-0.0066614	1.1066E-4	0.001031	-0.0024018	-0.0022825
1.7892	-0.016707	5.9057E-4	-0.0013485	-0.004414	-0.0061619	0.0016249	-2.8276E-4	-0.0038026	5.2287E-4	0.0014432	-0.0010848	-9.6546E-4
1.7885	-0.012956	0.0043416	-0.0012192	-0.0042847	-0.0026125	0.0051744	0.0065575	0.0030376	0.003118	0.0040383	0.0014463	0.0015657
1.7878	-0.015628	0.0016697	-0.0015735	-0.0046391	-0.0045077	0.0032791	0.0034563	-6.3488E-5	8.5645E-4	0.0017768	-2.3896E-4	-1.1959E-4
1.7871	-0.016229	0.0010688	-0.0024183	-0.0054838	-0.0035735	0.0042133	-0.0034324	-0.0069523	-1.0797E-4	8.1238E-4	-0.0034625	-0.0033431
1.7864	-0.015572	0.0017254	-0.0023943	-0.0054598	-0.0061189	0.0016679	0.0015089	-0.0020109	-0.0024411	-0.0015207	-7.7055E-4	-6.5118E-4
1.7857	-0.012521	0.0047764	0.0019666	-0.0010989	-0.0033542	0.0044326	0.0039661	4.463E-4	0.0013815	0.0023018	9.6904E-4	0.0010884
1.785	-0.014005	0.0032928	-0.0018091	-0.0048746	-0.002712	0.0050749	0.0020939	-0.0014259	9.3717E-4	0.0018575	-0.0016487	-0.0015293
1.7843	-0.013483	0.003815	-4.9087E-4	-0.0035564	-0.0095234	-0.0017365	-0.0017219	-0.0052417	-1.0944E-4	8.109E-4	3.8361E-4	5.0298E-4
1.7836	-0.013945	0.0033525	-0.0024881	-0.0055536	-0.0063876	0.0013993	0.0011802	-0.0023397	-0.0016338	-7.135E-4	-6.4072E-4	-5.2135E-4
1.7828	-0.013764	0.0035335	-0.0023568	-0.0054223	-0.0046373	0.0031496	0.0013578	-0.002162	0.0018611	0.0027814	-0.0014809	-0.0013616
1.7821	-0.016145	0.0011527	-9.164E-4	-0.0039819	-0.010317	-0.0025301	0.0010483	-0.0024715	6.596E-4	0.0015799	0.0023694	0.0024887
1.7814	-0.014886	0.0024112	-0.0033902	-0.0064557	-0.010568	-0.0027808	-0.0013075	-0.0048273	-0.0020255	-0.0011052	-0.0028287	-0.0027093
1.7807	-0.018053	-7.5551E-4	-0.0030412	-0.0061067	-0.0077161	7.0728E-5	-6.9419E-4	-0.004214	-0.0033347	-0.0024143	-7.3135E-5	4.6236E-5
1.78	-0.010446	0.0068517	0.0023661	-6.9943E-4	-0.0019756	0.0058112	0.0017465	-0.0017734	0.0054221	0.0063424	0.0020498	0.0021692
1.7793	-0.010255	0.0070424	0.0037205	6.55E-4	-0.0039101	0.0038768	0.0043243	8.0442E-4	0.0015605	0.0024808	0.0016117	0.001731
1.7786	-0.013049	0.0042488	1.4129E-4	-0.0029242	-0.0057869	0.0019999	-9.6832E-4	-0.0044882	7.5964E-4	0.00168	-7.0342E-4	-5.8405E-4
1.7779	-0.012979	0.0043183	8.082E-4	-0.0022573	-0.0060242	0.0017626	2.6151E-4	-0.0032583	6.1896E-4	0.0015393	5.6217E-4	6.8154E-4
1.7772	-0.011153	0.0061445	-0.0025967	-0.0056622	-0.0080635	-2.7669E-4	0.0012175	-0.0023023	0.0016537	0.002574	-0.0015528	-0.0014334
1.7765	-0.011466	0.0058312	-2.3886E-4	-0.0033044	-0.0063429	0.0014439	0.0035969	7.7021E-5	0.0032251	0.0041455	0.0017168	0.0018362
1.7758	-0.013164	0.0041339	4.7279E-4	-0.0025927	-0.0074304	3.5639E-4	-4.1583E-4	-0.0039357	1.3031E-4	0.0010507	-0.0019078	-0.0017884
1.7751	-0.014879	0.0024188	-0.0021569	-0.0052224	-0.0058875	0.0018993	-0.0011104	-0.0046302	-0.0026209	-0.0017006	-1.3132E-4	-1.1952E-5
1.7744	-0.012478	0.0048196	0.0017241	-0.0013414	-0.0083067	-5.1989E-4	0.0035189	-9.2365E-7	0.0021617	0.0030821	0.0015177	0.0016371
1.7738	-0.010403	0.0068947	0.0028095	-2.5601E-4	-0.0048924	0.0028944	0.0056216	0.0021018	0.0049531	0.0058735	0.0038167	0.0039361
1.7731	-0.014592	0.0027054	-0.0032941	-0.0063596	-0.0063115	0.0014754	-9.3671E-4	-0.0044565	0.0014335	0.0023538	-0.0019653	-0.0018459
1.7724	-0.014042	0.003255	-0.0035316	-0.0065971	-0.0094339	-0.001647	-6.7888E-4	-0.0041987	-0.0010608	-1.4045E-4	-0.0017678	-0.0016484
1.7717	-0.013293	0.0040047	-0.0021944	-0.0052599	-0.0078748	-8.7966E-5	0.0025403	-9.7949E-4	0.0024861	0.0034064	-7.7661E-4	-6.5724E-4
1.771	-0.011035	0.0062626	-1.5245E-4	-0.0032179	-0.0054663	0.0023205	0.0042295	7.0961E-4	0.002067	0.0029873	7.7743E-4	8.968E-4
1.7703	-0.012099	0.0051986	0.0029189	-1.4657E-4	-0.0064056	0.0013812	0.0022503	-0.0012695	0.0033216	0.0042419	0.0018847	0.0020041
1.7696	-0.018647	-0.0013492	-0.0040462	-0.0071117	-0.0075056	2.8123E-4	-2.3996E-4	-0.0037598	-0.00197	-0.0010497	-0.0037493	-0.00363
1.7689	-0.017114	1.8336E-4	-0.0016096	-0.0046751	-0.0093036	-0.0015168	-0.0021959	-0.0057158	1.1159E-5	9.315E-4	-0.0054093	-0.0052899
1.7682	-0.012312	0.0049854	-2.6943E-4	-0.0033349	-0.0068179	9.6889E-4	0.0027285	-7.9134E-4	0.0018899	0.0028102	0.0016077	0.0017271
1.7675	-0.012551	0.004747	-0.0013941	-0.0044596	-0.008334	-5.4713E-4	0.0032343	-2.8551E-4	6.4171E-4	0.001562	-0.0020613	-0.0019419
1.7668	-0.018647	-0.0013499	-0.0068741	-0.0099396	-0.01117	-0.0033828	-0.0039297	-0.0074496	-0.0027318	-0.0018115	-0.0059078	-0.0057885
1.7661	-0.018779	-0.0014816	-0.0075133	-0.010579	-0.013588	-0.0058012	-0.0038364	-0.0073562	-0.002214	-0.0012936	-0.0026123	-0.0024929
1.7654	-0.0141	0.0031972	-0.002509	-0.0055745	-0.0093002	-0.0015133	-0.0021666	-0.0056864	-0.0014519	-5.3155E-4	-4.627E-4	-3.4333E-4
1.7648	-0.013748	0.0035499	-8.911E-4	-0.0039566	-0.0075977	1.8915E-4	0.0020134	-0.0015065	0.0021506	0.0030709	8.6212E-5	2.0558E-4
1.7641	-0.013974	0.0033232	-0.002709	-0.0057745	-0.0081864	-3.9955E-4	0.0035883	6.8461E-5	-0.0012201	-2.9974E-4	2.3853E-5	1.4322E-4
1.7634	-0.020024	-0.0027267	-0.0033663	-0.0064318	-0.011876	-0.0040894	-0.0015693	-0.0050892	8.708E-4	0.0017911	-0.0044278	-0.0043085
1.7627	-0.015421	0.0018761	-0.0012171	-0.0042826	-0.0093452	-0.0015584	-0.0023403	-0.0058602	0.0020032	0.0029236	-0.0020616	-0.0019422
1.762	-0.01218	0.0051176	-0.0014907	-0.0045562	-0.0076183	1.6851E-4	-0.0011052	-0.004625	-4.1208E-5	8.7914E-4	-0.0013072	-0.0011878
1.7613	-0.013406	0.0038916	-0.0033071	-0.0063726	-0.0083473	-5.6049E-4	-9.9748E-5	-0.0036196	-5.8442E-4	3.3593E-4	-0.0021545	-0.0020351
1.7606	-0.014792	0.0025057	-0.0067356	-0.0098011	-0.01252	-0.0047329	-0.0052886	-0.0088084	-0.0049912	-0.0040709	-0.002457	-0.0023377
1.76	-0.016023	0.0012745	-0.0027446	-0.0058101	-0.0076093	1.7757E-4	-0.0014974	-0.0050172	-0.0013047	-3.8434E-4	-0.0010013	-8.8195E-4
1.7593	-0.011153	0.0061445	9.6016E-4	-0.0021053	-0.0086524	-8.6553E-4	0.0030086	-5.1119E-4	0.0018856	0.0028059	-3.9383E-4	-2.7446E-4
1.7586	-0.012074	0.0052232	-0.0011653	-0.0042308	-0.0081486	-3.6175E-4	9.5174E-4	-0.0025681	-3.853E-4	5.3505E-4	-0.0017448	-0.0016254
1.7579	-0.018227	-9.2948E-4	-0.0038019	-0.0068674	-0.012208	-0.0044212	-0.0017375	-0.0052574	-0.0025978	-0.0016775	-0.0018253	-0.0017059
1.7572	-0.013577	0.0037202	-0.0021336	-0.0051992	-0.0078692	-8.2391E-5	0.0012294	-0.0022905	0.0012904	0.0022107	0.0022223	0.0023417
1.7565	-0.013077	0.004221	1.5117E-4	-0.0029143	-0.0092913	-0.0015045	3.4088E-4	-0.003179	0.0018656	0.0027859	-2.8099E-4	-1.6162E-4
1.7559	-0.01309	0.0042078	-0.0041965	-0.007262	-0.010805	-0.0030178	-0.0011934	-0.0047133	-0.0015961	-6.7577E-4	-0.0026346	-0.0025152
1.7552	-0.012924	0.0043737	-0.001332	-0.0043975	-0.0091832	-0.0013964	-0.0012939	-0.0048137	0.001598	0.0025183	6.0034E-5	1.794E-4
1.7545	-0.017525	-2.2794E-4	-0.006908	-0.0099735	-0.013544	-0.0057574	-0.006133	-0.0096528	-0.0032394	-0.0023191	-0.0044546	-0.0043352
1.7538	-0.013511	0.0037866	-0.0028381	-0.0059036	-0.011651	-0.0038643	-0.0010855	-0.0046053	0.0026235	0.0035439	0.00199	0.0021094
1.7531	-0.013788	0.0035094	0.0015443	-0.0015213	-0.0079218	-1.3498E-4	8.4242E-4	-0.0026774	-0.0014825	-5.6211E-4	-1.5903E-4	-3.9655E-5
1.7525	-0.015081	0.002217	-0.0034094	-0.0064749	-0.0097984	-0.0020115	-0.0027069	-0.0062268	-0.0029621	-0.0020418	-0.0040555	-0.0039362
1.7518	-0.01397	0.0033272	-1.6879E-4	-0.0032343	-0.010812	-0.003025	-1.6968E-4	-0.0036895	1.2812E-4	0.0010485	-0.0038064	-0.0036871
1.7511	-0.013613	0.0036845	-0.0012131	-0.0042786	-0.0092963	-0.0015095	-1.3196E-4	-0.0036518	0.0017555	0.0026758	5.4667E-4	6.6604E-4
1.7504	-0.015461	0.0018362	-0.0016004	-0.0046659	-0.0077081	7.8734E-5	0.0017636	-0.0017563	-4.4362E-5	8.7598E-4	-0.0038534	-0.003734
1.7497	-0.013335	0.0039628	-0.003348	-0.0064136	-0.0084855	-6.9866E-4	-0.0038761	-0.0073959	-9.9913E-4	-7.8788E-5	-0.0041429	-0.0040235
1.7491	-0.01181	0.0054878	-0.0016719	-0.0047374	-0.0080828	-2.9597E-4	5.1224E-4	-0.0030076	-0.0013619	-4.4159E-4	-0.0019352	-0.0018158
1.7484	-0.014541	0.0027569	-8.5792E-4	-0.0039234	-0.011772	-0.0039851	-6.1014E-5	-0.0035809	5.5293E-4	0.0014733	-0.0031462	-0.0030269
1.7477	-0.014456	0.0028418	-0.0035152	-0.0065807	-0.0078303	-4.3493E-5	-0.0021077	-0.0056275	8.9363E-4	0.001814	-0.0028873	-0.0027679
1.747	-0.010105	0.0071921	7.2452E-4	-0.002341	-0.0054622	0.0023246	0.0036294	1.0954E-4	0.0017452	0.0026655	-0.0020536	-0.0019342
1.7464	-0.013796	0.0035018	-0.0047548	-0.0078203	-0.007978	-1.9122E-4	-0.0022992	-0.005819	0.0013844	0.0023048	-0.0026854	-0.0025661
1.7457	-0.014941	0.0023568	-6.331E-4	-0.0036986	-0.01118	-0.0033935	-0.0019486	-0.0054685	-0.0012368	-3.1645E-4	-0.0016656	-0.0015462
1.745	-0.014909	0.002389	-0.0024644	-0.0055299	-0.0088088	-0.0010219	5.2048E-4	-0.0029994	4.5023E-4	0.0013706	-3.6642E-4	-2.4705E-4
1.7444	-0.011757	0.0055409	-0.002601	-0.0056665	-0.0058923	0.0018946	0.0030875	-4.323E-4	4.3097E-4	0.0013513	-0.0019339	-0.0018146
1.7437	-0.011513	0.0057844	0.002308	-7.5746E-4	-0.0047609	0.0030259	0.0024605	-0.0010593	0.0014295	0.0023498	0.0015601	0.0016794
1.743	-0.014844	0.0024539	-0.0037441	-0.0068096	-0.0090888	-0.001302	-0.001528	-0.0050478	-0.0015667	-6.4639E-4	-0.0014654	-0.0013461
1.7423	-0.014527	0.0027705	-0.0028721	-0.0059376	-0.011401	-0.0036144	-0.002986	-0.0065058	-0.0011302	-2.0986E-4	-0.0012432	-0.0011238
1.7417	-0.014089	0.0032085	-0.0019225	-0.004988	-0.0074175	3.6936E-4	0.0014445	-0.0020753	0.0023713	0.0032916	-0.0011812	-0.0010618
1.741	-0.010275	0.007023	-0.0014594	-0.0045249	-0.0064395	0.0013473	7.9231E-4	-0.0027275	0.0025081	0.0034284	-0.0026772	-0.0025578
1.7403	-0.017179	1.1903E-4	-0.002739	-0.0058045	-0.0098861	-0.0020993	-5.0479E-4	-0.0040246	-0.0024042	-0.0014839	-0.0044819	-0.0043626
1.7397	-0.013913	0.0033849	-0.0034887	-0.0065542	-0.0090304	-0.0012436	-0.0018701	-0.0053899	-0.001422	-5.0167E-4	-5.2822E-4	-4.0885E-4
1.739	-0.011837	0.0054602	-0.0024213	-0.0054868	-0.0091202	-0.0013334	-1.0949E-5	-0.0035308	3.3953E-4	0.0012599	-0.0010537	-9.3429E-4
1.7383	-0.011907	0.0053901	0.0013861	-0.0016794	-0.0052677	0.0025191	2.6479E-4	-0.0032551	0.0024541	0.0033744	-0.0015948	-0.0014755
1.7377	-0.012933	0.0043644	8.0672E-4	-0.0022588	-0.0066559	0.0011309	0.0025723	-9.4752E-4	0.0015731	0.0024935	0.001281	0.0014004
1.737	-0.016232	0.0010656	-0.0047907	-0.0078562	-0.010618	-0.0028312	-1.7489E-4	-0.0036947	-3.924E-4	5.2794E-4	-0.001675	-0.0015556
1.7363	-0.014938	0.0023597	-0.001886	-0.0049515	-0.0099276	-0.0021408	-0.0014491	-0.004969	-7.1002E-4	2.1033E-4	-1.5254E-4	-3.3171E-5
1.7357	-0.0068011	0.010496	0.0011235	-0.001942	-0.006982	8.0483E-4	0.0027547	-7.6516E-4	0.0035153	0.0044357	0.0018227	0.0019421
1.735	-0.010797	0.0065005	3.4009E-4	-0.0027254	-0.0050431	0.0027437	0.002664	-8.5587E-4	0.0018288	0.0027492	-0.0010534	-9.3405E-4
1.7343	-0.012489	0.0048089	-0.0021435	-0.005209	-0.0060717	0.0017151	5.5287E-4	-0.002967	-0.0016103	-6.8999E-4	0.0010049	0.0011243
1.7337	-0.015076	0.0022214	-0.0014881	-0.0045536	-0.0095039	-0.0017171	-8.542E-4	-0.004374	0.0035678	0.0044881	-0.0013782	-0.0012589
1.733	-0.011159	0.0061381	-0.0025887	-0.0056542	-0.0059642	0.0018226	-1.7205E-4	-0.0036919	-1.0311E-4	8.1724E-4	3.7592E-5	1.5696E-4
1.7323	-0.0094602	0.0078373	0.0038494	7.8386E-4	-0.0049085	0.0028784	0.002335	-0.0011848	0.0011963	0.0021166	0.00313	0.0032494
1.7317	-0.01252	0.0047778	4.8277E-4	-0.0025827	-0.008055	-2.682E-4	-0.0030747	-0.0065946	-0.0016377	-7.1737E-4	2.0236E-4	3.2173E-4
1.731	-0.012524	0.0047735	-0.0017975	-0.004863	-0.0085069	-7.2012E-4	-0.0021601	-0.00568	-0.0032257	-0.0023054	-1.274E-4	-8.0274E-6
1.7304	-0.0108	0.0064977	1.428E-4	-0.0029227	-0.0070616	7.2526E-4	-7.5385E-4	-0.0042737	-0.0013478	-4.2742E-4	-9.4043E-4	-8.2106E-4
1.7297	-0.012292	0.0050058	-0.0027526	-0.0058181	-0.007536	2.5085E-4	-0.0022304	-0.0057502	7.0177E-4	0.0016221	-1.5068E-4	-3.1312E-5
1.729	-0.012759	0.0045383	-8.5184E-4	-0.0039173	-0.0073333	4.5357E-4	6.7744E-4	-0.0028424	-5.4343E-4	3.7691E-4	2.4135E-4	3.6072E-4
1.7284	-0.013948	0.0033499	-0.0026477	-0.0057132	-0.0080529	-2.6607E-4	-0.001643	-0.0051628	5.3527E-5	9.7387E-4	-0.0036527	-0.0035333
1.7277	-0.010343	0.0069543	2.4269E-4	-0.0028228	-0.0062303	0.0015565	-5.7305E-4	-0.0040929	0.0013464	0.0022667	0.0016233	0.0017426
1.7271	-0.011301	0.0059968	-0.0033889	-0.0064544	-0.0083052	-5.1841E-4	-0.0030954	-0.0066153	-0.0021541	-0.0012338	-0.0022158	-0.0020964
1.7264	-0.010086	0.0072112	6.6187E-4	-0.0024036	-0.0064827	0.0013041	-5.526E-4	-0.0040724	0.0034285	0.0043488	0.001809	0.0019284
1.7257	-0.0094352	0.0078623	0.0012538	-0.0018117	-0.0054287	0.0023581	0.0013234	-0.0021964	0.0022912	0.0032116	-5.8641E-4	-4.6704E-4
1.7251	-0.016316	9.8143E-4	-0.0035732	-0.0066387	-0.010385	-0.0025982	-0.0033359	-0.0068558	-0.0011495	-2.2917E-4	-0.0027515	-0.0026321
1.7244	-0.016766	5.3122E-4	-0.0025897	-0.0056552	-0.009174	-0.0013872	-0.0043959	-0.0079158	-0.0028866	-0.0019663	-0.0052486	-0.0051292
1.7238	-0.012531	0.004767	-0.004238	-0.0073035	-0.0074163	3.7052E-4	0.0014624	-0.0020574	-9.5803E-4	-3.7688E-5	-0.0032237	-0.0031043
1.7231	-0.013038	0.0042597	-8.4487E-4	-0.0039104	-0.0098794	-0.0020926	-0.0037976	-0.0073174	0.0012086	0.0021289	-0.0031213	-0.003002
1.7225	-0.014832	0.0024651	-0.0058586	-0.0089241	-0.0091709	-0.0013841	-9.8946E-4	-0.0045093	0.001026	0.0019463	-0.0023796	-0.0022603
1.7218	-0.013721	0.0035762	-0.0019954	-0.0050609	-0.008076	-2.892E-4	-6.2927E-4	-0.0041491	1.7554E-4	0.0010959	0.001387	0.0015064
1.7212	-0.010053	0.007245	0.0015121	-0.0015534	-0.0057814	0.0020055	9.9758E-4	-0.0025223	0.0038407	0.0047611	0.0028052	0.0029246
1.7205	-0.0085959	0.0087017	6.8513E-4	-0.0023804	-0.0047998	0.0029871	0.001889	-0.0016308	0.0025923	0.0035126	0.001273	0.0013924
1.7199	-0.012599	0.0046986	3.488E-5	-0.0030306	-0.0093449	-0.0015581	-0.0012285	-0.0047483	0.0014164	0.0023367	-0.0010196	-9.0026E-4
1.7192	-0.014991	0.0023061	-0.0046002	-0.0076657	-0.011707	-0.00392	-0.0032455	-0.0067653	0.0019525	0.0028729	-8.3349E-4	-7.1412E-4
1.7186	-0.014947	0.0023506	-0.0013424	-0.0044079	-0.0093355	-0.0015487	2.3924E-5	-0.0034959	-0.0011655	-2.4519E-4	-9.8365E-4	-8.6428E-4
